5.772894
6.350183
3.944811
-5.580464
3.463736
2.212943
1.924298
1.828083
2.309158
2.212943
1.731868
3.559951
2.597802
5.291819
6.157753
9.717705
8.755556
9.140415
5.388034
4.425885
3.944811
6.253968
9.621490
8.851770
10.776068
10.487424
9.813919
8.466911
7.985836
8.851770
8.851770
10.006349
11.064713
12.507937
12.507937
13.470085
13.951160
13.470085
13.470085
11.834432
10.102564
3.559951
-0.096215
-3.752381
-6.350183
-7.216117
-8.370696
-7.408547
-6.735043
-6.157753
-4.906960
-6.542613
-6.446398
-6.157753
-5.291819
-4.233455
-4.714530
-8.274481
-11.545788
-14.817094
-14.817094
-14.047375
-14.432234
-15.586813
-14.336020
-12.123077
-8.851770
-10.391209
-9.140415
-8.755556
-7.119902
-5.388034
-4.425885
-5.291819
-4.233455
-6.927473
-6.831258
-9.044200
-8.370696
-6.735043
-4.425885
-3.656166
-0.962149
0.962149
1.443223
-0.384860
-0.384860
-0.577289
0.384860
-0.865934
0.865934
0.962149
0.000000
1.058364
1.250794
3.848596
4.425885
5.772894
5.965324
7.889621
7.023687
8.851770
7.889621
8.178266
4.906960
2.116728
-1.058364
-3.271306
-9.621490
-9.717705
-11.834432
-14.047375
-15.490598
-15.490598
-18.858120
-20.397558
-17.992186
-16.837607
-13.470085
-9.140415
-6.735043
-6.927473
-9.429060
-7.216117
-6.638828
-4.329670
-3.656166
2.694017
3.367521
4.137241
3.848596
2.597802
2.501587
4.810745
3.175092
1.924298
0.962149
-0.288645
-2.501587
-5.869109
-11.930647
-17.126252
-21.263492
-23.091575
-31.462271
-26.555311
-27.228816
-23.091575
-19.050549
-16.548962
-14.239805
-11.064713
-9.332845
-2.982662
4.041026
6.927473
9.044200
8.851770
-0.288645
8.178266
8.659341
9.525275
6.638828
4.041026
1.250794
-0.481074
-0.577289
-1.539438
-4.522100
-5.580464
-8.274481
-9.140415
-9.429060
-9.621490
-8.274481
-6.638828
-3.944811
-4.714530
-5.965324
-10.102564
-7.889621
-6.927473
-5.388034
-3.848596
-3.559951
-2.501587
-0.096215
-1.635653
-2.116728
-5.580464
-7.985836
-8.466911
-8.947985
-8.082051
-4.425885
-1.058364
1.539438
5.965324
6.542613
4.137241
6.157753
6.061538
5.772894
6.735043
10.006349
11.160928
10.102564
12.411722
10.102564
10.198779
9.717705
9.813919
13.951160
19.146764
24.727228
29.249328
26.651526
24.823443
23.091575
23.476435
23.284005
24.149939
23.668864
24.053724
22.225641
19.435409
14.817094
16.164103
16.452747
19.242979
17.126252
18.954335
20.205128
18.377045
13.662515
11.834432
9.813919
12.507937
14.913309
16.452747
16.741392
15.875458
9.813919
6.831258
0.288645
-3.752381
-8.466911
-9.044200
-9.332845
-5.291819
-2.982662
-0.769719
1.154579
0.769719
0.769719
0.577289
0.096215
-1.250794
0.673504
0.192430
3.078877
5.772894
5.772894
5.676679
7.216117
7.889621
10.872283
13.951160
18.761905
23.572650
25.112088
28.672039
27.998535
27.613675
26.266667
23.284005
20.878632
16.645177
14.720879
11.257143
6.638828
4.425885
0.384860
-0.384860
-0.096215
1.443223
2.116728
-2.020513
-3.463736
-7.408547
-7.312332
-9.044200
-6.350183
-2.116728
0.481074
1.154579
3.078877
0.673504
0.000000
1.058364
5.388034
7.985836
5.580464
-4.618315
-12.026862
-19.435409
-20.493773
-19.531624
-16.452747
-20.493773
-27.036386
-35.599512
-37.138950
-35.888156
-30.884982
-24.919658
-20.012698
-21.648352
-25.304518
-30.596337
-32.713065
-30.307692
-24.053724
-20.493773
-15.201954
-11.545788
-11.160928
-10.583639
-7.408547
-3.944811
0.288645
-1.154579
-2.309158
-6.253968
-6.927473
-9.717705
-8.274481
-5.291819
-2.212943
-3.078877
-5.676679
-10.776068
-14.528449
-16.548962
-15.394383
-16.741392
-16.356532
-17.511111
-19.050549
-17.799756
-18.377045
-16.067888
-14.336020
-15.105739
-18.377045
-20.686203
-20.878632
-17.318681
-13.181441
-13.758730
-14.047375
-14.239805
-13.758730
-13.951160
-15.779243
-15.683028
-14.336020
-12.219292
-11.642002
-6.542613
-0.577289
2.886447
2.694017
1.347009
2.020513
4.041026
4.714530
7.793407
10.006349
12.219292
12.123077
11.738217
12.026862
9.236630
4.522100
2.982662
3.367521
6.350183
4.714530
6.061538
4.810745
5.484249
5.580464
-1.731868
9.813919
10.872283
12.892796
15.490598
14.913309
15.683028
15.009524
16.837607
18.088400
17.511111
16.548962
13.373871
12.989011
10.487424
9.910134
9.910134
10.006349
9.621490
11.257143
12.700366
11.642002
11.834432
10.294994
10.006349
9.717705
10.102564
12.507937
13.373871
15.586813
20.397558
22.610501
22.706716
22.129426
23.476435
23.861294
25.208303
26.747741
26.459096
23.861294
21.263492
20.493773
18.569475
18.377045
18.377045
15.586813
14.720879
13.373871
11.353358
9.717705
9.717705
8.659341
8.851770
9.236630
11.449573
14.432234
14.720879
14.432234
14.239805
14.624664
14.624664
14.528449
13.470085
12.989011
9.044200
7.216117
6.350183
4.041026
3.559951
0.481074
0.288645
-1.443223
-0.192430
1.058364
2.020513
7.119902
6.831258
8.466911
11.064713
13.277656
14.239805
13.085226
12.219292
11.064713
9.813919
8.947985
8.563126
10.294994
8.082051
7.216117
2.982662
-2.309158
-8.659341
-13.951160
-18.377045
-20.589988
-29.730403
-21.744567
-22.802930
-21.455922
-18.280830
-14.817094
-13.951160
-11.834432
-10.872283
-9.717705
-7.312332
-4.137241
-2.790232
-0.384860
1.731868
1.924298
4.041026
4.233455
4.137241
2.694017
-0.288645
-2.886447
-4.810745
-10.198779
-16.837607
-21.455922
-25.593162
-28.190965
-30.596337
-30.211477
-28.094750
-26.651526
-25.978022
-24.342369
-24.438584
-22.899145
-21.359707
-18.569475
-18.280830
-19.627839
-18.569475
-19.146764
-19.724054
-21.744567
-23.765079
-22.610501
-22.321856
-21.936996
-19.820269
-16.260317
-12.796581
-11.257143
-9.910134
-10.487424
-11.834432
-9.621490
-6.253968
-4.041026
-2.116728
-0.384860
0.481074
-3.656166
-4.425885
-4.329670
-1.058364
-0.673504
-0.577289
-2.982662
-3.848596
-6.350183
-16.164103
-10.102564
-11.930647
-12.026862
-11.642002
-12.315507
-10.391209
-9.621490
-7.119902
-5.388034
-5.291819
-7.985836
-11.064713
-11.834432
-14.624664
-16.548962
-14.528449
-13.662515
-12.989011
-10.968498
-7.119902
-5.965324
-3.175092
-2.790232
-0.865934
1.154579
3.175092
1.924298
2.212943
-1.154579
-2.020513
-1.828083
0.384860
0.481074
0.962149
0.577289
-0.192430
-3.175092
-2.694017
-3.078877
-2.886447
0.000000
3.078877
4.041026
2.501587
-2.212943
-6.927473
-10.102564
-9.429060
-12.026862
-12.219292
-10.487424
-11.545788
-12.026862
-12.026862
-11.257143
-10.006349
-6.061538
-2.501587
-0.577289
-2.982662
-6.542613
-9.332845
-4.522100
0.288645
6.446398
10.006349
11.064713
6.542613
5.003175
4.810745
6.157753
9.717705
15.683028
19.627839
17.799756
10.006349
2.597802
-2.886447
-5.484249
-1.539438
9.044200
7.504762
-0.865934
-9.813919
-17.703541
-22.995360
-22.514286
-17.511111
-10.006349
-8.178266
-9.140415
-14.239805
-17.799756
-19.339194
-19.050549
-15.683028
-7.216117
0.577289
2.597802
3.848596
4.714530
7.697192
10.006349
18.184615
23.861294
30.307692
29.730403
24.919658
19.435409
15.875458
13.758730
18.569475
25.015873
32.424420
30.403907
25.496947
18.280830
15.105739
11.449573
12.892796
13.758730
14.720879
14.432234
11.064713
10.198779
10.872283
10.294994
12.507937
18.088400
25.593162
27.806105
25.400733
19.050549
14.720879
15.009524
12.989011
21.936996
31.077411
34.444933
33.386569
30.211477
26.651526
24.631013
21.840781
23.284005
26.651526
26.843956
25.400733
22.802930
17.414896
13.854945
11.160928
11.642002
12.989011
14.528449
14.913309
13.951160
13.662515
13.277656
9.236630
8.851770
8.274481
11.257143
14.528449
20.878632
24.727228
28.479609
32.135775
37.523810
36.754090
37.523810
37.812454
37.235165
36.561661
33.963858
32.520635
28.864469
26.266667
22.995360
15.875458
10.872283
4.233455
-0.673504
-6.253968
-11.353358
-14.528449
-16.933822
-19.146764
-19.916484
-19.916484
-22.033211
-24.534799
-27.228816
-29.056899
-29.730403
-29.730403
-29.537973
-30.211477
-34.060073
-39.351893
-43.489133
-44.451282
-45.894505
-47.818803
-52.533333
-48.107448
-47.915018
-47.722589
-45.798291
-43.200488
-43.200488
-38.678388
-37.620024
-36.273016
-36.176801
-34.348718
-33.290354
-27.132601
-24.534799
-21.744567
-20.878632
-19.627839
-19.050549
-17.607326
-18.280830
-18.954335
-19.435409
-18.954335
-17.799756
-17.895971
-15.490598
-13.470085
-15.490598
-17.414896
-23.572650
-28.094750
-31.173626
-30.307692
-29.153114
-27.613675
-23.572650
-19.339194
-16.548962
-12.507937
-11.257143
-7.312332
-4.329670
0.962149
2.212943
2.694017
2.597802
4.041026
3.463736
5.291819
5.869109
5.580464
6.157753
5.772894
7.023687
7.023687
9.717705
10.391209
11.353358
12.411722
11.834432
8.370696
5.484249
0.673504
0.192430
0.288645
1.924298
1.828083
1.058364
-7.697192
-2.020513
-4.137241
-4.233455
-3.175092
-0.192430
1.154579
4.041026
6.061538
8.851770
4.425885
9.429060
8.370696
7.312332
6.638828
5.099389
5.772894
7.697192
9.717705
10.294994
12.123077
15.009524
17.318681
17.126252
18.377045
17.126252
18.088400
18.088400
20.012698
18.761905
18.184615
19.820269
18.473260
18.569475
20.686203
21.167277
19.050549
15.779243
12.123077
7.697192
4.810745
5.099389
4.425885
6.061538
8.563126
9.717705
12.123077
12.123077
13.470085
13.854945
17.126252
15.298168
12.989011
14.817094
15.779243
16.164103
15.298168
17.511111
18.761905
18.184615
18.954335
17.222466
16.933822
15.009524
12.315507
9.910134
9.621490
8.563126
5.965324
-7.600977
-0.481074
-1.347009
-1.731868
-0.673504
1.635653
3.559951
2.020513
0.865934
-0.384860
-2.116728
-4.906960
-4.618315
-1.924298
-0.673504
2.116728
-5.484249
5.099389
7.119902
11.257143
13.566300
17.992186
21.552137
25.208303
26.940171
28.672039
32.713065
33.578999
34.348718
33.482784
33.963858
32.905495
32.039560
29.249328
30.403907
30.884982
29.730403
27.998535
29.056899
28.190965
28.479609
25.208303
25.496947
25.208303
23.668864
21.552137
19.146764
15.298168
12.700366
11.930647
13.085226
13.470085
14.432234
12.892796
10.872283
7.023687
1.154579
-3.559951
-5.580464
-10.294994
-12.507937
-16.645177
-20.974847
-25.785592
-25.978022
-25.208303
-21.359707
-16.548962
-10.872283
-10.679853
-12.604151
-13.662515
-12.219292
-10.294994
-11.642002
-12.604151
-11.160928
-8.178266
-6.350183
-5.580464
-5.580464
-7.793407
-9.621490
-14.047375
-16.164103
-16.645177
-17.607326
-18.761905
-19.242979
-20.108913
-19.724054
-19.916484
-15.201954
-15.105739
-20.108913
-28.094750
-30.500122
-29.056899
-26.940171
-23.861294
-17.222466
-15.779243
-17.607326
-20.301343
-22.225641
-21.840781
-19.531624
-17.511111
-10.872283
-7.793407
-12.700366
-18.858120
-21.648352
-22.129426
-20.493773
-15.586813
-15.201954
-16.260317
-30.307692
-28.287179
-32.713065
-33.482784
-31.943346
-23.861294
-15.298168
-10.968498
-10.294994
-10.583639
-10.006349
-9.140415
-6.350183
1.731868
6.735043
10.006349
8.466911
9.140415
9.621490
8.466911
5.580464
5.003175
3.848596
4.810745
2.886447
4.714530
4.137241
3.271306
1.924298
1.250794
-2.790232
-4.906960
-8.563126
-7.985836
-7.985836
-10.198779
-8.563126
-9.429060
-15.201954
-19.242979
-22.418071
-23.668864
-23.861294
-22.225641
-19.627839
-18.761905
-22.706716
-24.823443
-26.170452
-26.940171
-22.225641
-18.184615
-14.047375
-11.449573
-12.026862
-13.181441
-15.971673
-17.703541
-17.126252
-18.473260
-20.782418
-19.146764
-19.627839
-17.318681
-18.665690
-18.377045
-16.067888
-15.105739
-15.779243
-16.741392
-16.164103
-16.067888
-12.604151
-8.755556
-6.638828
-4.714530
-3.752381
-0.865934
2.405372
7.504762
11.930647
13.277656
11.160928
7.889621
5.003175
4.810745
3.848596
4.618315
5.099389
7.216117
8.563126
10.391209
13.085226
14.817094
14.720879
15.490598
14.143590
15.875458
16.356532
17.703541
16.837607
17.126252
16.260317
20.493773
20.974847
23.380220
24.631013
24.631013
24.149939
23.187790
22.706716
22.899145
21.167277
19.242979
17.414896
16.452747
14.336020
14.143590
12.315507
10.102564
7.985836
7.023687
3.271306
5.869109
7.985836
11.353358
15.683028
17.318681
18.377045
17.703541
17.799756
20.108913
20.397558
20.012698
22.321856
22.995360
23.380220
24.534799
21.167277
20.878632
21.744567
20.974847
18.473260
19.724054
20.012698
19.339194
19.242979
19.435409
20.493773
21.455922
21.744567
21.552137
15.298168
19.724054
18.184615
7.889621
14.528449
14.336020
12.604151
13.758730
12.123077
10.294994
11.257143
10.872283
0.481074
8.370696
6.350183
4.041026
2.694017
4.522100
5.099389
5.291819
7.216117
4.714530
9.910134
8.082051
5.099389
2.405372
-0.769719
-1.539438
-5.580464
-8.851770
-9.621490
-9.332845
-7.600977
-2.886447
-2.982662
-3.367521
-4.137241
-2.694017
-1.154579
2.501587
2.790232
4.714530
6.927473
7.889621
9.140415
10.006349
8.851770
7.889621
3.078877
0.000000
-0.673504
0.865934
0.000000
0.288645
-1.443223
-6.253968
-8.851770
-10.391209
-11.738217
-9.717705
-12.123077
-13.085226
-15.490598
-17.030037
-18.088400
-14.817094
-12.123077
-11.449573
-11.834432
-13.566300
-17.799756
-19.050549
-18.761905
-16.645177
-15.490598
-12.700366
-15.490598
-16.933822
-23.091575
-25.112088
-24.053724
-20.012698
-16.164103
-13.470085
-15.490598
-19.242979
-20.974847
-21.840781
-19.820269
-16.548962
-13.662515
-12.315507
-9.332845
-8.082051
-9.236630
-11.257143
-14.624664
-15.779243
-19.050549
-17.992186
-20.301343
-19.242979
-19.724054
-19.531624
-29.634188
-19.627839
-17.222466
-15.298168
-12.123077
-9.236630
-7.697192
-8.178266
-10.006349
-11.930647
-9.429060
-5.003175
0.192430
0.962149
-2.309158
-4.425885
-6.927473
-8.082051
-6.446398
-0.481074
5.965324
11.449573
9.910134
8.563126
3.271306
-0.962149
-3.078877
0.865934
3.463736
4.233455
5.099389
4.425885
4.522100
2.790232
3.271306
7.023687
7.023687
7.504762
5.291819
1.924298
-0.769719
-1.250794
-0.481074
-2.982662
-3.271306
-5.003175
-7.504762
-9.332845
-9.813919
-13.373871
-13.951160
-16.837607
-16.741392
-16.837607
-17.511111
-20.205128
-21.552137
-22.129426
-21.263492
-20.686203
-17.126252
-14.336020
-11.257143
-11.642002
-10.776068
-9.621490
-5.388034
-1.539438
1.347009
1.635653
0.096215
0.865934
3.367521
5.003175
9.236630
13.373871
16.452747
17.318681
15.971673
14.336020
13.085226
13.758730
12.123077
6.446398
2.982662
0.865934
0.769719
-3.271306
-5.003175
-5.580464
-6.638828
-9.140415
-10.487424
-10.006349
-8.082051
-8.947985
-6.061538
-4.810745
-1.347009
-1.443223
-1.731868
-2.790232
-1.539438
-1.347009
1.250794
5.003175
9.813919
11.064713
16.067888
16.452747
20.012698
19.146764
19.242979
18.858120
19.531624
19.242979
20.205128
17.799756
17.992186
17.703541
15.490598
15.586813
13.951160
13.758730
15.105739
15.683028
15.683028
10.391209
6.735043
6.446398
9.332845
12.315507
11.353358
10.968498
10.294994
10.583639
9.140415
10.872283
10.776068
10.391209
8.659341
9.332845
8.755556
11.642002
12.796581
14.817094
15.971673
13.758730
10.391209
6.350183
4.425885
3.559951
-0.769719
-3.175092
-3.559951
-4.233455
-4.329670
-4.425885
-3.848596
-1.828083
-2.212943
1.635653
1.924298
2.116728
1.058364
1.731868
2.982662
3.944811
5.869109
8.274481
8.851770
6.831258
5.772894
6.638828
9.140415
9.140415
10.679853
9.525275
5.676679
3.848596
3.078877
3.367521
4.137241
5.965324
5.965324
4.041026
1.347009
-2.597802
-4.041026
-2.982662
-1.539438
-0.192430
-0.288645
-1.539438
-1.250794
-1.635653
-0.577289
-1.924298
-4.522100
-5.195604
-6.350183
-6.735043
-6.831258
-5.676679
-6.253968
-5.869109
-5.965324
-4.810745
-7.600977
-9.621490
-10.679853
-12.123077
-11.257143
-10.872283
-10.968498
-11.545788
-12.219292
-15.201954
-16.260317
-18.280830
-20.012698
-19.916484
-21.744567
-21.744567
-20.493773
-17.222466
-13.566300
-10.487424
-11.642002
-13.662515
-13.277656
-11.353358
-4.425885
-1.250794
-0.577289
3.078877
4.329670
5.580464
5.869109
6.542613
5.195604
2.694017
2.501587
2.405372
0.673504
-2.694017
-3.559951
-2.886447
-1.058364
-0.769719
-1.058364
-4.522100
-4.329670
-7.697192
-11.257143
-15.971673
-16.933822
-17.607326
-15.105739
-16.164103
-11.160928
-8.947985
-8.947985
-4.233455
-7.697192
-10.487424
-11.545788
-10.487424
-7.119902
-7.119902
-5.965324
-4.714530
-5.195604
-6.927473
-7.312332
-6.735043
-6.542613
-5.965324
-5.869109
-4.041026
-2.116728
-2.405372
-0.769719
-0.962149
2.501587
4.137241
7.216117
8.659341
7.889621
5.772894
2.309158
1.539438
1.058364
2.212943
0.673504
-1.731868
-3.463736
-4.041026
-6.253968
-3.944811
-3.656166
0.288645
4.233455
4.810745
7.023687
13.085226
17.414896
24.534799
31.366056
35.310867
36.946520
38.485958
35.503297
35.984371
32.328205
30.788767
27.998535
24.919658
23.861294
25.689377
26.170452
26.555311
25.015873
21.648352
17.414896
12.796581
9.621490
11.545788
10.102564
6.831258
3.078877
0.000000
-2.501587
-2.790232
-3.752381
-4.425885
-5.484249
-3.848596
-3.944811
-4.041026
-4.522100
-2.886447
-0.096215
0.384860
2.886447
6.831258
8.370696
12.989011
12.892796
14.239805
15.683028
16.837607
14.336020
14.624664
10.391209
9.140415
7.889621
4.810745
4.618315
2.212943
2.694017
3.463736
2.309158
2.694017
2.886447
2.212943
0.000000
0.769719
-1.731868
-6.927473
-9.140415
-10.102564
-15.009524
-17.511111
-17.126252
-18.280830
-19.050549
-20.205128
-18.377045
-15.009524
-13.085226
-13.854945
-12.026862
-13.085226
-10.679853
-10.776068
-7.504762
-9.140415
-10.006349
-9.140415
-8.466911
-13.277656
-12.123077
-8.466911
-6.542613
-8.274481
-8.466911
-8.370696
-5.291819
-4.137241
-1.058364
-0.096215
4.906960
6.446398
7.216117
7.023687
5.003175
2.597802
-0.769719
-2.309158
-5.003175
-5.580464
-7.023687
-5.484249
-1.828083
0.288645
4.041026
2.405372
5.869109
5.580464
5.676679
6.446398
11.064713
12.796581
9.717705
3.752381
1.347009
-1.443223
-2.405372
0.577289
2.886447
5.580464
5.772894
5.291819
1.828083
-0.192430
-1.828083
-2.694017
-1.347009
-2.405372
-3.078877
-3.271306
-6.542613
-5.003175
-2.116728
0.384860
-0.384860
0.481074
-0.769719
1.154579
2.212943
5.965324
7.889621
10.391209
10.391209
10.102564
8.082051
4.618315
2.116728
2.790232
3.752381
1.347009
2.694017
-1.154579
-3.848596
-6.735043
-6.542613
-3.367521
-2.790232
-0.481074
0.673504
1.154579
0.577289
0.192430
-1.154579
-0.962149
-2.020513
0.384860
2.116728
-0.192430
0.962149
1.443223
3.656166
5.195604
8.178266
9.525275
13.277656
16.933822
17.318681
14.913309
11.257143
8.370696
7.697192
4.329670
-0.769719
-6.061538
-7.216117
-9.044200
-10.776068
-12.123077
-11.545788
-9.332845
-9.140415
-8.659341
-6.253968
-5.388034
-3.848596
-3.752381
-5.676679
-5.580464
-4.810745
-5.291819
-3.656166
-2.790232
0.673504
1.250794
3.463736
4.425885
7.600977
8.466911
8.563126
6.542613
5.195604
0.962149
-1.443223
-4.233455
-6.446398
-7.408547
-10.006349
-12.026862
-11.449573
-11.930647
-12.507937
-11.160928
-11.642002
-12.507937
-12.026862
-16.645177
-17.607326
-20.205128
-19.627839
-20.493773
-20.108913
-20.205128
-18.569475
-17.703541
-19.339194
-18.761905
-17.511111
-16.933822
-15.009524
-14.047375
-11.064713
-9.332845
-3.559951
0.769719
4.425885
5.099389
6.350183
5.580464
6.638828
5.003175
3.656166
0.577289
0.288645
-0.769719
0.962149
-0.577289
0.673504
-2.020513
-0.769719
-3.271306
-4.233455
-4.233455
-3.367521
-2.790232
0.096215
2.212943
2.886447
1.828083
2.212943
1.443223
0.288645
0.096215
0.384860
0.769719
-1.924298
-0.962149
-1.924298
1.635653
5.291819
9.140415
13.373871
16.933822
16.645177
16.645177
15.971673
15.201954
15.586813
13.373871
11.064713
10.487424
12.411722
12.604151
13.470085
10.679853
8.563126
9.236630
9.429060
11.064713
8.370696
6.061538
3.848596
3.656166
1.154579
2.405372
3.463736
4.137241
3.367521
4.329670
5.291819
6.157753
9.332845
9.813919
9.717705
8.082051
4.522100
5.772894
7.697192
10.872283
10.679853
9.813919
7.408547
6.350183
5.580464
9.525275
9.910134
11.353358
12.989011
11.064713
6.157753
5.099389
4.137241
6.157753
6.927473
6.446398
1.539438
-1.924298
-6.446398
-7.600977
-6.350183
-1.250794
5.484249
11.257143
11.545788
8.659341
3.271306
0.000000
-2.982662
-2.886447
-3.752381
-1.443223
0.673504
2.020513
0.673504
1.539438
-1.347009
-2.886447
-3.656166
-4.714530
-5.869109
-2.886447
1.924298
4.329670
4.714530
5.099389
3.656166
2.597802
1.443223
4.233455
6.735043
10.006349
9.429060
6.831258
1.443223
-5.580464
-11.160928
-11.834432
-9.910134
-8.563126
-6.831258
-9.332845
-12.989011
-15.490598
-16.548962
-14.913309
-13.662515
-10.487424
-10.679853
-11.930647
-13.951160
-16.164103
-16.067888
-13.951160
-12.026862
-10.487424
-9.429060
-6.831258
-4.810745
-6.446398
-8.563126
-5.484249
-5.869109
-4.618315
-5.676679
-3.367521
-2.020513
0.577289
-2.212943
-1.347009
-2.309158
-2.886447
-4.714530
-5.580464
