13.919414
13.455433
10.671551
5.010989
0.185592
-0.371184
-4.732601
-9.279609
-12.434676
-14.476190
-12.991453
-12.341880
-10.671551
-12.434676
-9.557998
-9.557998
-5.846154
-4.175824
-0.927961
2.969475
7.330891
8.908425
10.114774
13.269841
13.733822
15.496947
18.652015
19.858364
21.992674
21.343101
17.352869
13.641026
10.764347
7.794872
3.619048
-1.577534
-6.031746
-5.660562
-6.495726
-3.526252
-0.463980
-1.206349
0.927961
4.639805
7.516484
7.052503
6.774115
0.463980
-1.948718
-5.660562
-7.609280
-8.258852
-9.186813
-9.929182
-6.031746
-5.567766
-3.433455
1.020757
4.825397
6.774115
9.094017
12.805861
14.383394
17.724054
20.229548
21.528694
21.899878
24.590965
27.003663
26.632479
26.818071
28.024420
28.024420
25.426129
27.931624
28.302808
26.539683
23.848596
18.559219
15.682540
14.290598
15.032967
17.538462
15.775336
15.311355
15.404151
13.455433
14.105006
14.012210
14.012210
13.919414
16.424908
13.733822
11.599512
11.970696
10.949939
1.948718
9.743590
15.775336
15.218559
16.703297
18.280830
18.188034
19.487179
20.322344
20.879121
20.415140
21.621490
23.755800
22.085470
21.250305
20.879121
19.023199
19.023199
14.568987
13.362637
10.949939
9.929182
9.743590
5.103785
2.969475
0.742369
4.732601
8.258852
12.805861
15.775336
17.352869
16.796093
16.146520
14.568987
9.186813
2.319902
-0.927961
-4.175824
-4.639805
-2.227106
-5.010989
-6.959707
-4.547009
-2.227106
1.391941
3.711844
2.598291
3.340659
2.505495
6.217338
7.609280
8.444444
5.938950
-0.927961
-3.711844
-8.815629
-12.620269
-16.888889
-16.239316
-15.496947
-11.135531
-6.310134
-1.206349
-1.391941
-2.876679
-4.268620
-3.340659
-4.454212
-5.196581
-3.619048
-0.463980
-3.804640
-5.567766
-8.722833
-9.279609
-9.836386
-9.279609
-8.815629
-8.351648
-10.578755
-12.713065
-12.156288
-8.166056
-8.537241
-6.774115
-1.577534
1.577534
5.660562
7.702076
6.959707
3.526252
1.020757
-1.391941
-7.794872
-12.341880
-19.208791
-24.683761
-26.168498
-28.210012
-28.024420
-26.261294
-24.498168
-21.714286
-20.043956
-15.589744
-13.548230
-12.991453
-14.476190
-11.506716
-12.341880
-13.548230
-13.826618
-11.599512
-8.722833
-5.010989
-3.711844
-6.124542
-8.444444
-13.826618
-20.600733
-20.693529
-20.786325
-18.652015
-16.981685
-16.703297
-16.610501
-17.167277
-18.188034
-17.445665
-15.496947
-10.485958
-7.702076
-6.866911
-6.402930
-10.207570
-10.207570
-11.970696
-14.940171
-19.115995
-24.034188
-22.549451
-20.600733
-17.074481
-12.805861
-8.073260
-5.753358
-5.474969
-5.938950
-6.217338
-8.815629
-10.114774
-7.609280
-5.660562
-8.444444
-7.423687
-10.578755
-14.661783
-20.136752
-20.322344
-20.229548
-18.466422
-19.858364
-18.559219
-18.373626
-18.188034
-20.693529
-19.579976
-16.981685
-16.146520
-14.754579
-12.527473
-12.898657
-11.599512
-12.156288
-8.166056
-8.073260
-9.929182
-9.094017
-8.166056
-10.114774
-13.826618
-16.332112
-17.167277
-15.775336
-13.826618
-10.857143
-8.630037
-8.537241
-8.351648
-6.031746
-5.846154
-5.938950
-4.732601
-4.175824
-2.876679
1.113553
0.185592
-0.092796
0.000000
-0.556777
-1.577534
-1.948718
-1.113553
-4.268620
-5.567766
-7.702076
-5.289377
-5.382173
-2.691087
1.020757
5.938950
10.300366
11.785104
12.434676
16.146520
18.095238
17.816850
13.177045
7.609280
1.763126
-3.155067
-5.938950
-5.938950
-6.495726
-2.876679
-0.463980
0.649573
4.268620
6.402930
8.815629
7.887668
6.124542
6.681319
5.753358
5.567766
5.289377
6.681319
10.485958
10.857143
11.135531
7.330891
4.268620
-0.185592
-3.155067
-5.753358
-3.897436
-2.319902
1.855922
6.124542
12.713065
14.847375
19.951160
17.538462
14.568987
13.733822
13.362637
16.146520
16.332112
17.260073
17.260073
14.383394
8.166056
-1.020757
-5.474969
-6.681319
-2.227106
1.113553
4.732601
8.815629
11.877900
15.775336
17.538462
14.105006
9.186813
6.866911
2.691087
-1.670330
-5.103785
-8.537241
-9.186813
-8.815629
-6.124542
-3.619048
-6.402930
6.866911
12.063492
15.404151
15.218559
12.249084
6.588523
-1.763126
-7.330891
-10.764347
-10.857143
-9.836386
-7.145299
-2.041514
-0.371184
2.969475
0.463980
-0.742369
-7.052503
-7.330891
-7.794872
-7.980464
-6.681319
-3.897436
-4.361416
-5.846154
-8.444444
-10.578755
-10.485958
-10.021978
-9.001221
-7.794872
-10.021978
-10.671551
-9.743590
-6.310134
-2.691087
-0.092796
3.433455
5.938950
4.361416
2.691087
0.556777
-1.391941
-3.711844
-2.598291
-3.062271
-3.340659
-3.247863
-5.196581
-5.289377
-4.918193
-3.990232
-6.588523
-4.918193
-3.711844
-5.196581
-4.732601
-6.031746
-3.619048
-4.361416
-3.990232
0.000000
7.145299
9.186813
11.692308
7.702076
7.423687
6.124542
6.681319
5.753358
2.041514
3.155067
2.969475
1.020757
2.691087
2.412698
2.598291
3.990232
6.310134
10.485958
11.228327
11.970696
11.692308
14.383394
15.125763
16.888889
17.631258
18.930403
19.672772
16.703297
11.228327
7.330891
3.990232
3.340659
4.268620
4.361416
2.783883
3.340659
1.763126
1.020757
0.649573
1.948718
2.505495
1.577534
1.948718
2.691087
-8.073260
2.041514
6.124542
9.372405
10.485958
8.537241
6.031746
8.815629
7.609280
7.702076
9.279609
9.279609
10.671551
12.341880
16.146520
14.754579
8.444444
-2.412698
-10.949939
-19.951160
-21.435897
-17.445665
-13.269841
-9.557998
-6.866911
-2.783883
-0.278388
0.835165
2.691087
3.062271
3.247863
6.681319
6.402930
4.175824
0.463980
0.000000
2.412698
2.691087
5.289377
3.711844
2.041514
-0.927961
-3.247863
-9.557998
-2.319902
-0.185592
1.763126
1.948718
-0.835165
-1.855922
-3.526252
-7.516484
-10.300366
-9.465201
-7.330891
-3.247863
0.000000
6.124542
10.114774
12.898657
11.135531
7.330891
6.124542
3.247863
0.371184
-3.062271
-3.619048
-3.990232
-4.268620
-1.577534
2.227106
2.598291
-3.804640
-7.980464
-11.042735
-12.063492
-9.186813
-6.402930
-3.247863
2.691087
13.362637
21.714286
24.498168
27.653236
27.374847
22.827839
20.229548
13.641026
7.609280
3.155067
-0.463980
-1.484737
0.463980
-2.505495
-1.855922
-2.969475
-5.196581
-7.330891
-7.052503
-7.238095
-8.258852
-9.186813
-8.258852
-5.753358
-3.247863
0.371184
-3.897436
6.959707
10.764347
12.063492
11.599512
9.094017
7.609280
6.124542
4.083028
2.319902
1.206349
-3.711844
-7.980464
-10.393162
-14.197802
-14.754579
-12.898657
-8.073260
-0.556777
2.876679
2.876679
-0.742369
-4.175824
-9.001221
-11.321123
-13.548230
-14.105006
-15.125763
-14.754579
-13.269841
-12.249084
-12.249084
-10.949939
-9.743590
-8.908425
-11.321123
-12.620269
-12.713065
-14.012210
-14.383394
-13.269841
-12.713065
-9.743590
-7.423687
-2.505495
-0.371184
1.577534
2.598291
2.041514
-0.556777
-0.742369
1.299145
0.927961
0.742369
1.484737
0.371184
2.041514
2.505495
2.691087
1.484737
2.783883
2.691087
0.835165
-0.092796
-2.041514
-9.836386
-6.310134
-8.630037
-8.815629
-7.609280
-5.289377
-2.412698
-0.649573
5.010989
7.238095
6.588523
9.650794
14.383394
16.053724
14.476190
11.042735
8.537241
11.135531
12.527473
8.537241
1.855922
-2.783883
-5.010989
-2.969475
2.412698
6.124542
7.980464
9.279609
9.279609
4.732601
-1.299145
-10.021978
-16.796093
-20.322344
-21.343101
-20.136752
-16.332112
-12.341880
-6.495726
-4.547009
-0.371184
-0.278388
-1.855922
-4.268620
-8.258852
-11.228327
-13.455433
-14.290598
-17.074481
-14.383394
-12.249084
-10.857143
-10.021978
-10.393162
-14.105006
-14.476190
-12.805861
-11.228327
-8.630037
-5.846154
-4.825397
-8.630037
-12.156288
-13.641026
-10.207570
-8.166056
-3.526252
-2.227106
1.206349
0.463980
0.092796
0.463980
-1.484737
-2.969475
-2.783883
-2.412698
-2.319902
-1.763126
2.227106
4.361416
7.794872
8.908425
9.465201
10.021978
14.476190
11.228327
7.980464
2.783883
-0.927961
-2.969475
-1.113553
2.041514
3.804640
7.887668
12.713065
11.692308
9.557998
6.031746
4.454212
2.412698
2.505495
1.670330
3.990232
7.330891
6.310134
4.918193
1.948718
-0.835165
0.185592
0.185592
2.041514
3.247863
6.402930
8.815629
10.764347
9.279609
8.908425
12.713065
16.981685
17.724054
21.528694
23.477411
21.621490
22.271062
15.775336
8.537241
1.670330
-1.484737
-3.062271
-8.630037
-10.578755
-7.794872
-3.062271
1.948718
5.567766
3.526252
-1.484737
-7.980464
-9.001221
-15.960928
-4.454212
-1.299145
4.825397
5.382173
5.196581
6.681319
4.918193
3.340659
2.227106
-1.299145
0.371184
3.247863
8.258852
12.898657
18.466422
23.106227
19.858364
13.177045
6.959707
-1.577534
-8.908425
-12.063492
-14.105006
-11.970696
-8.537241
-2.041514
2.505495
7.052503
14.105006
17.352869
17.074481
15.311355
10.671551
1.391941
-7.330891
-14.568987
-15.311355
-16.796093
-17.260073
-13.641026
-10.671551
-2.041514
1.299145
0.835165
0.000000
-2.412698
-0.927961
-2.505495
-3.526252
-6.124542
-5.196581
-0.835165
5.289377
9.001221
9.186813
3.804640
-1.855922
-7.423687
-8.630037
-13.919414
-11.042735
-9.094017
-3.897436
-2.134310
-1.113553
0.463980
4.083028
9.650794
10.671551
9.836386
10.764347
6.217338
-0.371184
-5.938950
-6.124542
-6.310134
-4.083028
-2.876679
-2.227106
-4.639805
-5.474969
-10.021978
-14.197802
-17.352869
-17.167277
-19.023199
-17.909646
-17.352869
-12.898657
-10.207570
-9.186813
-7.052503
-3.433455
-1.299145
-2.319902
-3.155067
-5.382173
-8.537241
-10.207570
-11.785104
-12.249084
-9.557998
-7.980464
-9.929182
-11.506716
-9.929182
-7.794872
-6.959707
-3.340659
-2.598291
-2.783883
-5.010989
-9.465201
-9.929182
-10.857143
-11.321123
-11.413919
-12.063492
-8.815629
-6.031746
-3.711844
-1.763126
2.505495
5.382173
4.639805
3.990232
0.835165
-4.454212
-7.052503
-8.630037
-8.630037
-9.372405
-6.959707
-4.825397
-1.670330
2.319902
8.722833
9.650794
10.578755
7.516484
1.763126
-2.319902
-4.732601
-9.279609
-14.290598
-14.661783
-14.012210
-11.785104
-13.733822
-13.641026
-10.393162
-10.393162
-7.794872
-4.732601
-3.526252
-0.278388
4.083028
4.175824
4.825397
3.897436
2.319902
0.742369
-3.433455
-6.959707
-6.774115
-4.454212
-6.124542
-8.444444
-8.166056
-8.351648
-6.217338
-3.062271
2.412698
4.639805
5.010989
3.711844
1.020757
0.649573
0.000000
0.185592
1.299145
1.484737
2.969475
6.959707
6.310134
6.959707
7.609280
8.908425
8.815629
6.774115
2.505495
0.278388
-3.247863
-7.609280
-7.423687
-5.846154
-3.990232
-2.598291
-2.598291
0.278388
1.113553
1.484737
2.412698
6.310134
9.372405
9.557998
8.166056
5.010989
-5.010989
-1.577534
-2.319902
-2.969475
-1.763126
3.247863
5.660562
2.227106
-3.711844
-8.630037
-14.012210
-14.012210
-14.105006
-15.589744
-11.970696
-6.217338
-2.505495
1.113553
-0.649573
-0.185592
-2.041514
-3.062271
-2.691087
-11.135531
-5.660562
-5.382173
-3.619048
-2.227106
-0.185592
2.227106
7.052503
9.836386
11.692308
8.908425
4.175824
2.783883
-0.185592
-3.433455
-4.361416
-4.639805
-4.639805
-7.052503
-6.495726
-7.980464
-6.866911
-1.484737
2.041514
6.031746
7.330891
8.444444
4.639805
0.278388
-0.927961
-1.206349
-2.227106
-2.876679
-2.412698
-0.556777
0.463980
-0.649573
-1.484737
-4.361416
-5.846154
-5.103785
-4.361416
-2.783883
-0.278388
5.753358
11.042735
15.960928
16.146520
12.341880
6.402930
2.319902
-1.484737
-2.505495
-1.020757
-1.577534
-0.556777
-1.113553
2.227106
3.526252
4.083028
7.794872
5.660562
4.175824
6.774115
7.794872
5.382173
2.691087
2.134310
2.134310
2.134310
0.000000
-3.526252
3.990232
6.310134
6.866911
5.103785
1.948718
1.391941
0.092796
-1.763126
-0.185592
0.463980
-0.556777
-2.412698
-3.247863
-2.319902
-0.463980
3.247863
5.382173
6.588523
8.073260
11.228327
12.156288
11.506716
12.063492
9.557998
4.268620
0.000000
-4.825397
-3.990232
-3.155067
-3.247863
-5.474969
-3.897436
-1.020757
0.556777
1.113553
1.948718
2.598291
2.505495
2.783883
4.361416
3.897436
2.876679
1.484737
0.463980
-1.577534
-0.649573
0.927961
2.505495
1.855922
5.567766
1.855922
-1.855922
-6.217338
-11.228327
-6.774115
-5.660562
-9.094017
-14.661783
-15.960928
-15.125763
-11.599512
-5.382173
-1.948718
2.412698
5.474969
7.330891
7.423687
4.268620
1.763126
-0.835165
-10.207570
-4.918193
-3.990232
-2.505495
-2.876679
-2.134310
-3.526252
-2.041514
-0.927961
0.927961
2.412698
3.990232
5.474969
6.959707
8.351648
8.351648
4.361416
1.670330
-0.649573
-2.598291
-1.670330
-0.649573
0.649573
-0.278388
4.268620
7.980464
10.021978
14.383394
15.868132
14.290598
8.815629
2.412698
-5.567766
-12.063492
-13.733822
-14.476190
-12.898657
-10.949939
-8.815629
-8.073260
-7.794872
-6.681319
-6.588523
-5.753358
-4.361416
-6.866911
-8.073260
-9.465201
-11.970696
-9.094017
-9.094017
-8.073260
-7.609280
-1.577534
4.454212
7.702076
11.970696
12.991453
13.084249
11.228327
7.052503
3.711844
1.391941
-1.763126
-3.247863
-5.382173
-5.474969
-4.825397
-8.722833
0.185592
-0.278388
1.299145
4.361416
6.217338
6.866911
4.361416
3.804640
7.052503
7.980464
8.722833
9.372405
11.506716
9.186813
6.588523
2.691087
-1.948718
-3.433455
-5.567766
-6.402930
-6.217338
-7.330891
-6.031746
-2.319902
-1.391941
1.020757
1.020757
0.742369
-1.113553
-2.412698
-3.247863
-4.268620
-2.876679
-3.990232
-4.268620
-3.990232
-3.526252
-6.495726
-5.382173
-2.505495
-2.783883
-1.484737
-2.969475
-5.567766
-8.258852
-8.815629
-11.228327
-11.413919
-14.847375
-13.919414
-14.105006
-16.796093
-15.960928
-14.568987
-12.341880
-9.650794
-7.145299
-5.938950
-6.588523
-6.124542
-6.774115
-7.052503
-8.351648
-6.588523
-6.402930
-7.609280
-8.908425
-7.516484
-5.103785
-4.268620
-1.670330
1.020757
1.020757
2.505495
4.083028
2.969475
2.134310
1.113553
-1.206349
-3.619048
-5.382173
-10.671551
-11.692308
-11.599512
-10.393162
-10.207570
-7.794872
-1.855922
3.619048
0.278388
0.835165
2.783883
3.247863
1.113553
-0.092796
-1.484737
-0.927961
-1.299145
-2.227106
-5.567766
-6.217338
-5.382173
-7.145299
-6.959707
-5.753358
-6.774115
-6.124542
-6.031746
-5.474969
-5.660562
-3.247863
-7.052503
-9.094017
-9.094017
-9.743590
-12.341880
-11.877900
-11.228327
-8.166056
-7.516484
-3.990232
-3.526252
-1.763126
0.556777
3.340659
4.918193
8.073260
10.671551
9.836386
8.537241
9.001221
14.476190
16.703297
20.879121
20.043956
14.476190
11.135531
8.258852
9.186813
7.516484
6.681319
4.825397
3.526252
-0.371184
-2.412698
-5.382173
-2.783883
0.649573
0.278388
-1.206349
-0.835165
-1.577534
-2.691087
0.000000
7.330891
10.021978
6.402930
-3.062271
-13.919414
-19.951160
-22.827839
-23.570208
-22.456654
-22.178266
-17.909646
-13.269841
-8.258852
-6.217338
-3.433455
-1.855922
1.299145
0.092796
3.897436
4.361416
8.166056
10.764347
14.661783
14.197802
13.641026
16.146520
17.816850
16.424908
14.847375
11.970696
11.877900
10.393162
11.506716
6.866911
4.547009
6.774115
6.031746
5.103785
3.990232
2.134310
3.433455
4.268620
4.083028
5.196581
7.330891
7.702076
6.681319
2.969475
2.505495
3.526252
3.247863
5.103785
7.330891
8.351648
6.959707
7.423687
11.599512
12.527473
11.413919
9.836386
7.609280
2.227106
-3.526252
-7.145299
-8.630037
-8.537241
-7.145299
-4.268620
-4.361416
-4.825397
-0.092796
0.371184
3.155067
5.846154
3.433455
-0.649573
-3.155067
-5.103785
-4.454212
0.371184
2.412698
6.031746
5.567766
3.990232
4.361416
10.021978
10.764347
10.764347
7.238095
-0.371184
-4.175824
-6.031746
-6.217338
-5.474969
-3.619048
-1.948718
-0.371184
-1.670330
-4.175824
-4.268620
-2.691087
1.206349
3.062271
3.155067
4.639805
5.567766
7.980464
10.114774
14.012210
18.280830
18.095238
15.218559
11.692308
7.330891
7.145299
7.052503
10.021978
8.258852
5.474969
5.289377
0.742369
1.670330
0.463980
-0.927961
0.000000
-2.505495
-1.020757
1.299145
4.361416
1.299145
-3.062271
-6.310134
-5.196581
-5.567766
-5.010989
-4.361416
-4.083028
-4.361416
-6.866911
-7.794872
-11.228327
-13.455433
-18.095238
-19.858364
-18.837607
-16.981685
-18.188034
-14.476190
-10.300366
-6.774115
-3.340659
0.278388
1.299145
5.846154
11.506716
17.074481
17.631258
17.260073
12.434676
3.062271
-3.897436
-10.300366
-14.197802
-17.352869
-20.043956
-20.229548
-18.280830
-15.125763
-10.485958
-6.495726
-2.783883
0.463980
3.711844
6.402930
3.340659
0.649573
-1.577534
-3.155067
-3.897436
-6.774115
-8.166056
-10.114774
-12.898657
-16.703297
-18.652015
-14.290598
-11.228327
-9.279609
-9.557998
-10.300366
-12.156288
-14.012210
-15.682540
-18.744811
-19.487179
-18.744811
-16.703297
-9.279609
-2.598291
2.227106
3.155067
2.319902
5.382173
10.114774
11.135531
13.084249
12.713065
11.228327
11.692308
8.258852
3.433455
-8.722833
-13.269841
-16.332112
-17.074481
-14.105006
-11.413919
-12.898657
-8.908425
-10.393162
-8.722833
-7.887668
-9.650794
-12.713065
-19.487179
-25.611722
-28.859585
-25.054945
-18.652015
-12.898657
-7.330891
-5.753358
-5.567766
-3.062271
-1.763126
-1.484737
2.691087
4.918193
7.887668
9.929182
12.527473
15.682540
19.487179
19.858364
17.167277
11.042735
2.876679
-2.041514
-7.145299
-7.887668
-8.908425
-4.454212
-1.020757
-0.927961
0.092796
0.278388
2.319902
2.876679
3.619048
5.196581
2.227106
0.835165
-0.278388
-2.783883
-5.010989
-5.938950
-5.938950
-3.619048
-4.268620
-7.609280
-7.609280
-3.433455
-2.227106
-7.330891
0.649573
2.227106
1.948718
2.598291
3.526252
8.258852
11.599512
4.175824
13.269841
12.249084
8.908425
9.001221
8.351648
8.722833
8.537241
-0.278388
10.021978
8.537241
6.124542
4.918193
3.155067
-0.092796
-1.577534
-2.412698
-2.134310
-1.577534
-3.155067
-3.062271
-4.361416
-6.124542
-5.289377
-4.639805
-3.062271
-2.227106
-3.433455
-1.577534
-1.855922
0.185592
1.670330
1.670330
2.876679
2.783883
1.855922
3.155067
2.505495
1.670330
0.649573
-0.371184
2.876679
5.660562
4.268620
6.124542
6.124542
4.918193
2.876679
0.371184
-1.577534
0.371184
2.783883
8.630037
11.321123
15.496947
13.919414
15.032967
14.940171
11.135531
10.393162
9.836386
6.866911
2.969475
3.247863
4.825397
3.433455
5.103785
3.711844
0.278388
-5.938950
-8.444444
-8.258852
-8.351648
-9.186813
-4.361416
0.371184
-0.278388
9.001221
5.196581
0.000000
-0.278388
-2.505495
-3.804640
-4.083028
-7.052503
-9.279609
-5.474969
-4.547009
-1.484737
2.691087
4.083028
6.774115
4.175824
-1.763126
-7.052503
-9.929182
-10.021978
-10.949939
-9.186813
-9.557998
-6.217338
-2.598291
1.113553
6.402930
7.423687
8.630037
7.794872
6.495726
5.010989
2.598291
2.691087
-0.185592
-1.484737
-2.227106
-3.711844
-5.474969
-3.433455
-1.855922
3.619048
3.062271
3.804640
1.855922
2.691087
4.083028
2.969475
4.454212
5.846154
6.310134
9.929182
12.620269
11.877900
6.866911
-2.969475
-9.836386
-15.960928
-21.343101
-23.199023
-23.291819
-19.672772
-12.991453
-5.382173
3.619048
7.238095
7.330891
2.969475
-0.278388
-4.918193
-5.846154
-4.361416
-5.660562
-5.103785
-6.866911
-10.114774
-8.722833
-9.465201
-10.578755
-7.330891
-4.361416
-1.577534
-0.278388
1.020757
2.969475
2.319902
0.927961
0.649573
0.278388
-0.742369
-1.670330
-2.969475
-1.855922
0.278388
3.711844
3.619048
1.763126
-0.278388
-1.763126
-3.804640
-0.835165
2.505495
2.783883
-0.742369
-2.041514
-2.227106
-4.268620
-3.897436
-5.196581
-3.155067
-4.639805
-6.124542
-6.774115
-5.846154
-6.681319
-5.938950
-6.774115
-8.166056
-10.300366
-10.949939
-10.021978
-14.568987
-9.094017
-8.537241
-2.691087
2.691087
5.846154
8.073260
7.330891
2.041514
-6.866911
-12.341880
-16.888889
-17.909646
-17.445665
-16.888889
-15.218559
-13.269841
-11.785104
-6.217338
-3.897436
-2.876679
-2.412698
2.876679
5.010989
6.217338
10.764347
9.557998
6.031746
6.588523
1.484737
-3.062271
-10.485958
-17.724054
-22.085470
-23.755800
-22.549451
-16.517705
-16.610501
-13.269841
-9.557998
1.299145
18.930403
32.014652
41.201465
39.902320
33.313797
26.539683
24.219780
24.126984
21.807082
20.879121
19.394383
26.354090
29.601954
29.323565
27.282051
26.539683
25.426129
19.487179
9.186813
-1.391941
-6.124542
-8.444444
-11.877900
-9.186813
-7.145299
-3.711844
-6.124542
-7.609280
-12.249084
-20.322344
-23.291819
-20.415140
-19.765568
-19.301587
-21.899878
-23.663004
-22.549451
-20.322344
-16.796093
-18.280830
-19.208791
-20.786325
-22.549451
-23.013431
-20.971917
-19.208791
-17.167277
-14.661783
-7.702076
-3.711844
-1.206349
5.846154
10.393162
19.394383
22.920635
28.302808
30.993895
30.901099
30.993895
27.374847
23.941392
7.980464
15.218559
12.805861
14.754579
18.280830
16.981685
16.239316
16.424908
18.280830
19.579976
20.693529
21.250305
17.816850
12.156288
5.010989
-9.650794
-7.516484
-9.929182
-10.764347
-13.733822
-13.919414
-14.476190
-16.146520
-15.682540
-14.105006
-12.805861
