5.894994
7.021978
3.987790
4.681319
4.681319
-0.086691
0.000000
-0.346764
-0.260073
0.260073
0.086691
0.260073
3.294261
2.687424
4.161172
1.213675
1.907204
1.907204
1.126984
-2.514042
-0.433455
-1.126984
-1.387057
-0.606838
2.427350
-0.866911
0.953602
-1.040293
-1.473748
-1.647131
-3.207570
-4.161172
-3.901099
-3.554335
-5.548230
-4.247863
-1.820513
-3.554335
-1.560440
0.866911
0.606838
0.433455
0.780220
0.173382
1.993895
2.947497
0.780220
-1.300366
-4.507937
-3.294261
-1.300366
-0.780220
0.260073
1.213675
1.300366
0.520147
-2.167277
-0.953602
0.173382
-0.606838
3.554335
1.733822
2.774115
2.253968
2.427350
2.253968
1.213675
-2.600733
-4.334554
-4.161172
-4.421245
-0.693529
2.514042
4.161172
4.421245
6.501832
9.362637
6.761905
0.346764
-2.427350
-3.554335
-2.514042
0.433455
3.467643
3.554335
3.987790
5.981685
5.461538
6.068376
1.473748
-1.126984
-3.554335
-5.114774
-6.848596
-7.021978
-3.034188
2.340659
3.901099
6.155067
3.727717
5.461538
4.334554
0.000000
-0.866911
-1.473748
-6.415140
-7.195360
-5.288156
-3.294261
-1.647131
-2.253968
-4.768010
-2.514042
-2.253968
-1.473748
-2.427350
-4.421245
-4.941392
-3.467643
-5.548230
-1.907204
-2.774115
-3.814408
-0.173382
-2.080586
-3.727717
-5.288156
-5.548230
-3.034188
-4.594628
-2.167277
-1.733822
0.433455
-1.040293
-3.207570
-3.641026
-4.334554
-4.941392
-3.987790
-3.467643
0.086691
3.380952
1.993895
3.294261
4.247863
3.120879
3.901099
1.993895
-0.346764
-0.520147
-2.080586
-1.126984
-1.387057
0.086691
0.000000
1.387057
1.560440
0.693529
-0.173382
0.693529
1.647131
-1.040293
-0.173382
-1.213675
1.387057
3.641026
5.808303
4.594628
4.074481
0.866911
0.346764
-2.340659
-5.028083
-3.901099
-2.340659
-3.120879
-0.780220
2.167277
5.634921
6.068376
4.854701
4.247863
1.213675
-1.213675
-0.520147
-3.120879
-4.074481
-5.374847
-4.161172
1.040293
3.294261
2.167277
1.560440
-0.433455
-2.427350
-3.554335
-3.120879
-2.947497
-3.467643
-4.768010
-5.374847
-3.727717
-2.774115
-3.641026
-0.433455
2.774115
4.074481
3.034188
1.733822
-0.953602
-0.433455
-2.080586
-2.167277
-1.733822
-1.560440
-2.340659
-1.387057
-2.167277
-2.600733
-2.080586
-1.126984
1.300366
7.021978
8.322344
8.148962
7.368742
4.334554
0.086691
-2.687424
-5.114774
-1.387057
-0.433455
0.433455
3.120879
4.421245
4.594628
7.195360
7.542125
5.288156
3.814408
1.126984
-1.300366
-2.427350
-4.768010
-2.253968
1.647131
3.380952
5.721612
6.501832
5.114774
5.721612
1.387057
1.733822
1.387057
0.086691
1.040293
3.294261
1.820513
3.814408
2.080586
1.647131
0.693529
-1.126984
-2.860806
-3.380952
-3.467643
-3.120879
-3.814408
-3.207570
-2.860806
-1.040293
-1.560440
0.693529
0.346764
0.346764
1.733822
-1.126984
0.260073
-0.433455
1.040293
3.120879
2.860806
2.167277
0.693529
0.866911
1.647131
1.473748
-0.606838
-0.173382
-0.346764
0.520147
3.034188
6.935287
4.768010
5.288156
4.247863
2.253968
1.126984
-0.086691
-1.820513
-2.687424
-4.681319
-1.993895
1.820513
3.380952
7.282051
8.235653
9.709402
9.362637
-0.520147
-3.380952
-4.074481
-5.981685
-7.542125
-4.247863
-3.641026
-1.387057
1.560440
2.253968
1.993895
0.866911
-2.860806
-4.421245
-8.409035
-7.975580
-6.241758
-4.421245
-4.768010
-3.034188
-3.727717
-3.294261
-0.086691
1.560440
0.000000
-2.687424
-1.993895
-0.953602
-0.953602
-2.080586
-3.901099
-3.987790
-3.641026
-2.340659
-3.034188
-3.901099
-2.340659
-1.213675
-2.774115
-2.860806
-3.901099
-2.600733
-3.641026
-3.641026
0.606838
0.346764
-2.687424
-3.380952
-1.473748
-0.173382
-1.213675
-1.820513
-2.253968
-2.427350
-6.155067
-4.681319
-7.108669
-3.467643
-1.733822
-3.294261
-1.213675
-0.433455
-3.380952
-4.074481
-7.108669
-7.888889
-7.282051
-5.894994
-6.675214
-3.641026
-4.768010
-3.207570
-5.981685
-5.634921
-5.374847
-5.201465
-1.300366
-1.300366
-2.687424
-1.387057
-0.953602
0.606838
1.647131
2.167277
1.647131
1.993895
0.433455
2.947497
1.387057
3.554335
3.554335
5.028083
3.901099
3.727717
4.161172
4.247863
2.774115
0.866911
-0.086691
2.167277
2.774115
3.901099
3.380952
4.594628
3.987790
4.768010
5.548230
9.709402
6.155067
4.594628
2.427350
2.340659
3.467643
3.814408
4.854701
5.201465
5.114774
5.201465
2.860806
0.433455
0.433455
-1.387057
-1.993895
1.300366
1.560440
1.040293
0.953602
3.467643
2.340659
1.387057
1.126984
2.080586
0.520147
0.433455
1.560440
2.167277
4.854701
3.467643
2.947497
2.600733
1.647131
4.334554
1.473748
0.606838
-0.606838
-2.253968
-1.993895
-2.427350
-2.947497
-0.260073
-0.086691
0.953602
0.173382
2.514042
0.433455
1.040293
-0.346764
-0.086691
-1.387057
-2.860806
-5.634921
-2.947497
-2.687424
-1.473748
0.346764
5.114774
5.981685
3.120879
1.820513
0.260073
-1.213675
-0.433455
-1.820513
2.253968
3.987790
4.768010
4.507937
4.681319
2.860806
1.993895
-0.693529
-1.213675
1.300366
1.387057
1.300366
1.820513
3.294261
3.467643
3.554335
2.947497
1.993895
2.253968
1.387057
3.034188
0.000000
0.693529
3.207570
2.167277
1.993895
2.774115
2.947497
2.514042
2.514042
2.600733
3.120879
3.294261
3.727717
3.901099
1.820513
1.387057
2.080586
6.328449
4.681319
2.774115
-1.126984
-0.693529
-1.647131
0.000000
-0.086691
1.907204
-0.866911
1.213675
-2.340659
-0.173382
1.647131
2.340659
0.086691
-0.606838
-1.647131
-1.040293
-3.901099
-6.328449
-6.328449
-6.328449
-10.056166
-8.062271
-8.148962
-5.634921
-3.554335
-3.380952
-2.860806
-2.167277
-0.953602
-1.820513
-6.501832
-8.148962
-9.275946
-6.935287
-7.282051
-5.894994
-5.028083
-2.600733
-1.907204
-1.820513
-2.340659
-2.340659
-5.548230
-5.201465
-8.582418
-5.721612
-3.901099
-4.594628
-2.080586
0.520147
-1.040293
-0.433455
-2.687424
-3.814408
-5.461538
-5.114774
-5.634921
-1.213675
-1.300366
3.814408
2.080586
5.374847
7.108669
5.201465
3.467643
3.901099
2.253968
-0.433455
0.606838
0.953602
0.866911
3.207570
3.554335
5.201465
5.288156
4.161172
3.034188
1.300366
-1.733822
-3.380952
-4.247863
-3.554335
0.260073
2.860806
2.253968
3.814408
2.774115
1.647131
1.733822
-2.427350
-7.628816
-7.108669
-7.715507
-7.282051
-6.328449
-3.380952
-2.860806
-0.780220
-1.387057
-1.126984
-4.594628
-6.935287
-7.021978
-5.721612
-6.241758
-5.201465
-2.947497
0.866911
-0.953602
-4.161172
-7.108669
-7.455433
-7.888889
-8.235653
-4.074481
-0.953602
-1.560440
1.300366
0.000000
-1.300366
-0.260073
-1.993895
-3.294261
-2.947497
-4.681319
-5.461538
-6.501832
-4.594628
-4.074481
-4.594628
-2.860806
-2.687424
-4.681319
-4.334554
-3.901099
-6.848596
-6.501832
-7.455433
-9.796093
-6.068376
-6.761905
-4.247863
-3.207570
-1.560440
-0.086691
0.433455
-0.866911
-0.606838
-2.687424
-3.554335
-3.554335
-3.380952
-0.953602
-0.866911
-1.907204
-2.253968
0.086691
0.866911
1.820513
1.126984
0.693529
0.780220
-2.253968
-1.300366
-1.820513
-1.213675
1.040293
1.733822
2.687424
-0.606838
0.086691
0.520147
-0.260073
0.780220
-0.606838
-0.173382
0.520147
-2.167277
-2.253968
-1.300366
-1.820513
-3.294261
-2.080586
-1.647131
-2.340659
-3.380952
-3.901099
-3.294261
-1.040293
1.473748
1.733822
2.687424
2.253968
1.300366
0.346764
-1.126984
-1.300366
-1.733822
1.993895
3.380952
3.641026
4.421245
3.987790
4.334554
1.387057
1.907204
1.300366
-0.606838
0.780220
2.167277
1.387057
3.120879
3.641026
3.467643
3.641026
1.040293
-1.387057
-2.774115
-3.467643
0.260073
-1.733822
-2.253968
-2.080586
1.040293
1.300366
1.560440
1.993895
-0.520147
-1.040293
-1.300366
-2.947497
-3.207570
-3.727717
-1.126984
0.346764
2.947497
3.207570
5.634921
4.074481
2.080586
0.520147
0.953602
0.000000
-1.473748
-2.860806
1.300366
-0.260073
1.040293
3.380952
5.981685
5.288156
8.322344
7.021978
6.241758
3.727717
1.560440
-0.260073
0.173382
0.606838
3.641026
5.808303
5.028083
6.415140
4.941392
4.074481
1.907204
0.346764
-1.213675
-0.433455
1.126984
-0.173382
0.520147
1.300366
4.334554
3.380952
5.894994
4.941392
4.161172
-0.086691
-2.340659
-2.427350
-1.820513
-1.733822
0.346764
0.173382
0.000000
0.346764
3.034188
0.866911
0.953602
0.000000
-0.606838
0.866911
0.866911
-1.300366
-0.086691
0.866911
-0.866911
0.433455
0.173382
-0.866911
0.000000
-4.161172
-5.981685
-3.901099
-2.253968
-3.641026
-1.560440
-0.433455
0.693529
2.167277
3.207570
2.427350
1.560440
1.387057
0.173382
1.387057
-1.993895
-2.340659
-2.600733
-3.034188
-0.606838
-0.520147
0.433455
0.433455
0.693529
-1.126984
-0.866911
-3.207570
-1.907204
3.554335
1.560440
0.780220
0.866911
-0.173382
-1.213675
-0.866911
-1.387057
-1.126984
-2.167277
-3.207570
-1.733822
-3.467643
-1.473748
0.520147
2.253968
3.207570
3.987790
5.374847
4.334554
3.554335
3.294261
0.953602
-1.473748
-1.560440
1.820513
2.947497
6.501832
6.588523
6.935287
7.455433
7.282051
4.768010
2.253968
0.173382
-1.040293
-3.901099
-3.901099
-4.681319
-3.380952
-3.901099
-0.433455
3.987790
3.120879
2.167277
2.080586
-0.693529
-3.120879
-4.334554
-6.155067
-5.201465
-4.768010
-5.201465
-3.120879
-2.427350
0.433455
1.993895
4.594628
1.647131
2.340659
1.560440
-1.993895
-3.641026
-3.034188
-5.461538
-3.901099
-6.068376
-4.768010
-3.380952
-1.473748
-1.040293
2.774115
3.467643
5.374847
2.340659
2.687424
0.433455
2.167277
-1.040293
-1.993895
-2.253968
-1.387057
-0.173382
1.387057
2.600733
2.514042
4.507937
2.687424
0.866911
-0.780220
-2.514042
-1.820513
-1.560440
-2.340659
-0.953602
1.907204
-0.173382
-2.080586
-3.901099
-5.548230
-3.814408
-0.433455
-4.854701
-4.854701
-1.733822
0.260073
-0.173382
2.080586
1.300366
1.387057
-2.514042
-3.207570
-5.288156
-5.114774
-2.340659
0.000000
1.387057
5.894994
8.409035
7.368742
7.888889
7.715507
4.768010
4.247863
1.126984
1.040293
-1.733822
-2.340659
-1.300366
0.346764
0.953602
1.820513
0.086691
1.126984
-0.086691
0.693529
-2.167277
-1.126984
-2.687424
-1.387057
-0.780220
-0.953602
-1.387057
1.647131
1.213675
1.473748
3.034188
2.167277
2.947497
2.687424
0.173382
0.346764
1.300366
1.993895
1.733822
1.907204
2.167277
2.600733
2.427350
1.560440
0.606838
3.034188
3.207570
2.774115
2.340659
1.300366
0.606838
2.687424
1.907204
0.866911
1.040293
0.780220
0.693529
2.427350
1.733822
3.987790
4.421245
6.935287
4.941392
6.761905
4.768010
5.114774
5.721612
4.074481
2.080586
1.733822
2.253968
0.780220
1.213675
4.074481
3.467643
3.814408
3.554335
1.733822
1.647131
0.693529
-0.260073
1.473748
-0.606838
-1.647131
-0.433455
-1.387057
-2.427350
-0.953602
-1.733822
2.167277
5.634921
1.647131
0.260073
-0.173382
-2.340659
-1.907204
-2.600733
-1.213675
-1.300366
-0.346764
-1.126984
0.866911
2.167277
3.987790
3.727717
2.340659
1.213675
2.427350
2.080586
3.207570
3.380952
3.207570
2.253968
5.028083
5.201465
7.628816
7.975580
6.848596
4.507937
4.594628
4.681319
4.074481
4.334554
7.108669
4.854701
6.068376
5.374847
3.034188
1.647131
1.300366
0.173382
0.780220
2.167277
2.514042
4.334554
3.294261
1.213675
3.987790
2.253968
1.560440
-0.780220
-1.126984
-1.300366
-3.120879
-4.247863
-3.727717
-3.641026
-2.340659
-1.820513
-1.473748
-1.387057
0.086691
-0.953602
1.473748
1.820513
2.514042
5.288156
3.987790
3.294261
3.554335
2.167277
3.554335
3.554335
5.028083
3.294261
3.814408
4.334554
3.554335
1.473748
2.514042
2.167277
1.820513
1.993895
0.693529
-2.167277
-2.080586
-1.300366
-0.866911
-0.693529
1.040293
1.820513
2.687424
0.693529
1.647131
3.987790
1.647131
-1.560440
-2.514042
-5.721612
-3.554335
-3.294261
-1.733822
-1.907204
-1.387057
-0.173382
-0.086691
0.520147
0.346764
0.520147
-1.473748
-1.387057
-5.114774
-6.675214
-5.461538
-4.247863
-1.387057
2.860806
1.647131
1.300366
0.693529
0.780220
1.300366
1.213675
0.866911
0.433455
-0.953602
-2.687424
-1.820513
-0.606838
0.693529
1.387057
0.606838
2.253968
1.473748
0.693529
-0.173382
-0.086691
-1.387057
-1.213675
-0.433455
-1.387057
-1.907204
-1.300366
-2.687424
-4.507937
-5.808303
-8.409035
-7.021978
-6.501832
-5.894994
-7.715507
-7.455433
-7.108669
-7.888889
-7.975580
-8.409035
-6.155067
-5.548230
-3.380952
-1.126984
2.514042
3.901099
4.247863
3.814408
1.473748
-0.953602
-2.080586
-3.727717
-6.241758
-5.374847
-1.820513
-0.866911
-1.126984
1.647131
1.733822
0.953602
0.866911
-2.427350
-4.334554
-6.848596
-8.842491
-7.975580
-5.288156
-5.548230
-4.768010
-3.380952
-1.993895
-2.687424
-2.860806
-4.768010
-3.814408
-5.894994
-3.987790
-4.594628
-4.507937
-4.594628
-2.947497
-2.340659
-2.253968
-3.554335
-3.207570
-5.114774
-3.034188
-5.114774
-3.294261
-0.780220
0.780220
-0.606838
0.693529
0.086691
0.260073
0.693529
0.953602
-1.733822
0.433455
-0.780220
1.907204
3.034188
2.774115
0.606838
0.953602
-1.560440
-1.040293
0.953602
-0.780220
-0.866911
-1.993895
-5.114774
-4.681319
-3.987790
-3.207570
-3.120879
-2.687424
-2.253968
-1.387057
-0.520147
0.260073
2.167277
3.554335
-0.086691
-5.114774
-8.582418
-3.641026
0.346764
2.600733
1.820513
-0.173382
-0.520147
-3.294261
-5.894994
-6.328449
-4.681319
-1.907204
0.173382
5.894994
6.848596
7.715507
8.582418
5.894994
3.987790
5.028083
2.860806
4.421245
7.715507
9.796093
10.316239
12.483516
10.576313
8.495726
5.028083
5.808303
5.028083
3.034188
0.000000
0.693529
0.866911
-0.433455
-1.560440
-1.387057
-2.687424
-1.993895
-2.774115
-0.693529
-2.080586
0.086691
-2.080586
-2.947497
-3.207570
-0.953602
-0.173382
-0.173382
-0.173382
-0.173382
0.693529
-1.647131
-1.733822
0.173382
-1.993895
-3.120879
-2.167277
-3.120879
-4.768010
-2.514042
-2.167277
-1.387057
0.260073
0.520147
0.346764
2.687424
0.780220
1.473748
2.947497
3.380952
3.207570
3.727717
1.300366
3.641026
1.907204
0.693529
2.860806
3.727717
4.768010
5.721612
7.542125
5.461538
5.288156
5.374847
2.253968
2.947497
0.086691
2.167277
3.380952
5.374847
6.068376
4.681319
5.028083
7.195360
5.721612
5.548230
4.941392
4.941392
4.681319
2.514042
1.387057
5.461538
5.981685
7.802198
5.808303
5.721612
6.155067
3.554335
2.514042
1.560440
2.080586
5.548230
4.594628
1.213675
-0.086691
0.260073
2.427350
3.380952
3.467643
3.814408
2.860806
1.387057
-0.693529
-1.387057
-2.167277
-1.907204
0.173382
1.300366
-1.040293
0.000000
-1.300366
-1.387057
-1.647131
0.693529
0.346764
2.427350
3.294261
1.647131
3.641026
4.421245
3.814408
1.733822
0.780220
0.086691
-2.514042
-5.201465
-7.888889
-7.542125
-6.241758
-2.600733
-0.086691
-0.693529
0.433455
1.040293
-0.606838
1.213675
0.866911
-0.866911
-1.473748
-3.641026
-2.687424
-1.473748
-0.433455
1.040293
1.907204
3.034188
4.247863
4.334554
3.120879
0.433455
1.126984
1.387057
0.173382
0.000000
-0.173382
-1.387057
-0.086691
-0.433455
0.953602
0.693529
0.780220
2.427350
1.213675
3.294261
1.213675
0.173382
-0.520147
-0.693529
1.387057
0.953602
3.207570
4.681319
3.727717
6.241758
5.028083
6.328449
3.034188
0.520147
-0.346764
-1.040293
-3.034188
-3.814408
-3.727717
-3.727717
-2.947497
-1.820513
-1.993895
-0.693529
0.433455
-0.693529
-1.647131
-4.334554
-6.501832
-7.108669
-7.975580
-8.235653
-7.368742
-7.021978
-6.935287
-7.282051
-5.028083
-6.675214
-0.866911
0.953602
-5.981685
-6.761905
-7.021978
-8.235653
-8.929182
-8.322344
-6.501832
-5.028083
-3.814408
-4.074481
-3.987790
-2.860806
-4.854701
-6.415140
-5.288156
-7.108669
-5.981685
-7.108669
-7.542125
-6.675214
-6.588523
-6.328449
-5.808303
-5.461538
-5.028083
-4.594628
-5.114774
-7.542125
-6.501832
-8.148962
-6.761905
-7.628816
-8.322344
-7.542125
-6.761905
-9.189255
-9.362637
-8.842491
-6.155067
-6.068376
-5.894994
-5.374847
-6.415140
-6.328449
-6.761905
-6.241758
-6.241758
-3.901099
-2.167277
-1.213675
1.473748
0.000000
-1.993895
-4.681319
-4.507937
-2.427350
-2.514042
-1.733822
-0.693529
-1.647131
-1.473748
2.167277
1.387057
0.866911
0.866911
2.080586
0.866911
0.000000
-0.433455
-0.433455
0.173382
-2.860806
-3.641026
-1.907204
-2.600733
-1.993895
-1.820513
-0.866911
-0.346764
-1.993895
-1.560440
-0.173382
0.693529
-0.780220
0.520147
2.774115
3.467643
2.947497
3.901099
0.780220
4.334554
0.433455
0.866911
1.733822
1.560440
1.733822
2.427350
1.040293
0.346764
4.941392
4.594628
1.300366
0.086691
-2.514042
-1.040293
-0.260073
0.693529
-0.433455
-0.693529
0.953602
1.907204
2.340659
4.074481
2.427350
1.993895
0.780220
1.993895
3.207570
0.606838
0.606838
0.866911
0.346764
3.641026
4.421245
3.380952
3.554335
0.780220
-0.780220
-0.520147
-1.560440
0.173382
-0.433455
-0.086691
2.167277
2.514042
3.901099
3.207570
-0.780220
-1.820513
-0.433455
-0.346764
-0.346764
0.606838
-0.866911
0.433455
-1.300366
2.514042
2.253968
2.860806
5.721612
5.548230
3.380952
2.860806
1.733822
1.300366
-1.907204
-2.080586
-1.907204
0.000000
0.260073
2.080586
4.768010
7.108669
5.374847
5.721612
6.155067
3.554335
2.167277
1.907204
1.040293
2.080586
3.294261
3.814408
3.901099
2.860806
3.987790
1.993895
3.120879
3.034188
1.387057
1.300366
0.780220
2.514042
1.213675
1.733822
0.520147
-0.693529
-2.687424
-3.641026
-2.947497
-2.600733
-4.594628
-4.247863
-2.774115
-1.560440
-1.126984
-1.733822
-2.080586
-2.774115
-2.600733
-1.560440
-1.560440
1.733822
4.507937
3.727717
1.560440
-0.173382
0.780220
0.433455
-0.693529
1.733822
1.213675
-0.520147
2.253968
0.520147
0.086691
0.260073
-0.433455
-1.820513
-2.253968
-3.727717
-2.860806
-3.380952
-5.028083
-5.374847
-5.114774
-2.947497
-2.080586
-0.866911
0.346764
1.213675
0.520147
-0.520147
-3.207570
-3.380952
-4.768010
-5.894994
-6.155067
-8.235653
-7.802198
-7.715507
-6.848596
-5.894994
-3.120879
-2.860806
-1.560440
-0.866911
-0.780220
-0.953602
-0.086691
-0.866911
-2.167277
-3.554335
-2.427350
0.693529
1.126984
2.947497
5.721612
9.362637
12.483516
12.916972
12.656899
9.536020
4.941392
0.693529
-0.433455
-1.126984
-2.340659
-1.126984
0.086691
-1.300366
0.086691
-1.820513
0.693529
-0.606838
0.000000
-1.647131
-2.080586
-4.334554
-4.421245
-3.641026
-2.947497
-1.907204
1.300366
3.987790
6.155067
6.068376
6.675214
4.421245
1.473748
1.473748
-1.213675
-1.907204
0.693529
1.733822
1.820513
3.814408
2.774115
1.647131
2.253968
2.774115
0.173382
-0.433455
-1.733822
-0.346764
1.993895
2.427350
3.294261
3.554335
5.114774
3.814408
4.507937
2.167277
3.987790
2.427350
0.606838
2.774115
6.588523
5.374847
3.380952
-0.346764
-0.520147
-0.433455
-0.260073
2.600733
3.987790
1.907204
0.866911
0.433455
1.473748
1.560440
0.433455
1.040293
-0.086691
2.340659
2.514042
3.641026
1.733822
0.693529
-1.733822
1.733822
1.820513
2.687424
4.681319
5.894994
8.062271
5.981685
4.854701
4.941392
5.288156
4.247863
4.074481
3.294261
3.727717
4.507937
0.780220
0.346764
-0.173382
-0.346764
1.300366
0.433455
5.548230
5.028083
4.854701
2.860806
-1.387057
-1.560440
-1.560440
0.780220
0.346764
-0.693529
2.860806
-0.866911
-1.213675
-0.780220
-1.647131
-3.207570
-3.207570
-4.768010
-2.774115
-1.647131
-0.433455
0.433455
0.086691
0.693529
1.647131
1.993895
1.647131
0.000000
-1.387057
-2.167277
-2.860806
-4.161172
-6.588523
-5.201465
-5.981685
-5.721612
-4.507937
-3.987790
-2.427350
-3.380952
-1.993895
-1.040293
-0.433455
1.387057
0.866911
0.433455
1.387057
0.000000
0.520147
1.387057
1.300366
3.207570
1.993895
1.907204
0.693529
-1.733822
-3.294261
-2.947497
-2.947497
-3.380952
-2.253968
-1.387057
-1.473748
-0.260073
-0.953602
-1.387057
-2.514042
-4.161172
-2.947497
-4.074481
-4.161172
0.346764
5.808303
3.380952
1.907204
-0.953602
-1.560440
-4.334554
-6.761905
-5.201465
-4.768010
-4.247863
-2.947497
-4.074481
-4.681319
-5.808303
-4.681319
-3.987790
-4.768010
-5.288156
-5.028083
-4.594628
-3.641026
-3.901099
-3.034188
-3.467643
-3.987790
-2.340659
-2.774115
-2.167277
-1.907204
-2.687424
-2.080586
-2.860806
-2.514042
-0.606838
-1.126984
-1.126984
-2.947497
-1.993895
-2.774115
-1.993895
0.866911
