1.101587
-1.101587
-3.897924
-2.542125
-3.474237
-1.694750
-0.169475
2.372650
0.508425
0.169475
-0.338950
-0.338950
-2.457387
-9.405861
-7.795849
-6.948474
-10.592186
-9.829548
-12.964835
-12.880098
-14.405372
-15.506960
-16.439072
-13.812210
-14.320635
-12.032723
-15.422222
-18.303297
-23.133333
-23.641758
-24.743346
-21.269109
-20.845421
-20.845421
-20.760684
-20.336996
-23.472283
-23.557021
-24.743346
-23.980708
-23.980708
-22.794383
-23.557021
-25.251770
-25.082295
-24.319658
-24.828083
-24.319658
-24.150183
-25.760195
-27.031258
-25.082295
-25.590720
-22.624908
-17.371184
-12.710623
-9.744811
-7.033211
-4.745299
-2.626862
-2.118437
-4.236874
-7.117949
-9.575336
-12.286935
-16.947497
-15.168010
-13.642735
-11.185348
-13.981685
-13.642735
-13.473260
-13.727473
-12.456410
-8.473748
-6.270574
-2.796337
-5.253724
-2.203175
-3.474237
-0.423687
-0.084737
3.389499
-0.423687
0.847375
0.338950
-0.677900
-1.440537
-2.118437
-3.982662
-4.745299
-7.795849
-5.677411
-7.795849
-7.711111
-11.693773
-10.083761
-11.270085
-8.643223
-11.863248
-8.050061
-10.083761
-9.236386
-10.422711
-7.202686
-8.897436
-2.033700
-1.186325
0.847375
2.542125
4.914774
4.660562
3.474237
4.491087
6.270574
5.592674
8.134799
8.643223
11.778510
9.151648
8.134799
3.474237
5.846886
2.796337
7.541636
6.863736
12.371673
10.337973
10.253236
5.168987
5.253724
2.881074
3.897924
0.847375
4.236874
1.779487
3.643712
1.779487
3.220024
2.881074
4.321612
2.457387
0.677900
-3.474237
-3.728449
-2.372650
-0.169475
-0.423687
4.236874
5.084249
7.711111
7.372161
7.541636
6.948474
7.711111
7.711111
11.100611
8.389011
7.202686
3.897924
-0.593162
-4.067399
-6.778999
-9.066911
-7.626374
-7.965324
-8.643223
-14.235897
-15.506960
-17.371184
-15.676435
-13.896947
-7.711111
-0.084737
8.643223
13.388523
17.540659
17.879609
17.201709
13.388523
9.236386
6.524786
5.168987
3.050549
0.847375
-7.287424
3.050549
5.253724
9.321123
8.727961
8.050061
8.812698
8.389011
9.914286
13.981685
15.676435
17.710134
14.744322
15.422222
11.609035
10.337973
8.473748
3.897924
-1.186325
-7.117949
-12.202198
-11.524298
-11.270085
-10.676923
-6.609524
-2.033700
1.186325
4.745299
5.253724
7.033211
4.406349
8.643223
12.371673
13.473260
14.998535
16.862759
17.710134
18.726984
16.100122
15.337485
10.507448
8.050061
7.795849
8.812698
8.982173
9.321123
9.405861
9.066911
5.846886
4.491087
3.728449
4.236874
1.355800
1.355800
-0.084737
1.271062
0.169475
0.762637
1.186325
1.610012
0.423687
1.525275
0.677900
-1.440537
-5.253724
-9.660073
-14.320635
-16.439072
-16.015385
-18.896459
-14.066422
-14.320635
-13.896947
-11.609035
-10.507448
-12.880098
-13.303785
-8.304274
-5.677411
-2.203175
3.728449
6.101099
10.507448
7.202686
7.202686
3.135287
0.423687
-0.593162
0.847375
-0.254212
3.304762
5.253724
7.880586
6.016361
2.881074
-0.847375
-2.711600
-3.897924
-0.677900
1.525275
7.965324
4.999512
4.575824
0.677900
0.762637
-2.033700
-1.694750
-1.440537
0.762637
-1.271062
2.033700
-1.864225
0.847375
-0.932112
1.948962
0.169475
1.355800
-3.643712
-1.186325
-1.610012
0.593162
-2.287912
-1.101587
-3.474237
-1.864225
-5.507937
-4.152137
-6.609524
-2.796337
-5.931624
-3.558974
-5.423199
-2.881074
-2.118437
0.508425
0.847375
3.220024
4.152137
8.473748
9.829548
14.829060
14.320635
15.252747
13.049573
11.947985
8.727961
11.354823
7.880586
13.134310
10.168498
9.744811
5.592674
5.338462
-0.423687
-2.287912
-8.643223
-8.897436
-12.541148
-11.947985
-14.405372
-13.049573
-16.523810
-16.778022
-17.710134
-16.693284
-18.388034
-14.151160
-17.286447
-14.490110
-16.693284
-16.100122
-17.964347
-15.930647
-19.320147
-16.439072
-13.727473
-11.270085
-9.575336
-4.914774
0.593162
7.202686
1.948962
14.405372
13.388523
14.235897
12.202198
9.490598
3.220024
1.610012
-0.508425
0.423687
2.965812
8.050061
10.507448
13.981685
11.439560
10.676923
5.846886
5.423199
3.050549
5.677411
6.863736
9.490598
6.185836
3.897924
-0.338950
-2.203175
-4.067399
-2.118437
-6.948474
-8.558486
-9.829548
-8.982173
-10.846398
-11.863248
-13.727473
-14.744322
-15.422222
-15.930647
-18.896459
-16.862759
-17.286447
-15.591697
-13.642735
-7.541636
-2.457387
2.796337
11.185348
16.184860
21.523321
23.387546
22.794383
22.201221
23.302808
22.879121
25.590720
25.590720
23.726496
22.540171
24.828083
22.455433
18.981197
14.490110
12.964835
8.897436
5.507937
4.406349
0.000000
-3.897924
-3.813187
-3.982662
-2.881074
-3.135287
-6.524786
-11.947985
-16.947497
-21.692796
-23.048596
-18.811722
-14.829060
-13.812210
-15.761172
-19.574359
-20.675946
-21.438584
-19.065934
-17.625397
-17.201709
-14.490110
-15.168010
-17.032234
-17.201709
-16.184860
-15.761172
-12.117460
-8.389011
-7.117949
-9.066911
-12.625885
-13.812210
-15.930647
-14.574847
-9.914286
-8.389011
-5.931624
-6.778999
-1.694750
-2.965812
-0.084737
2.711600
6.948474
8.897436
10.592186
11.863248
10.083761
9.999023
9.236386
9.321123
9.999023
8.304274
6.778999
3.389499
-0.508425
-4.575824
-3.389499
-2.287912
-2.372650
-0.847375
0.932112
3.389499
4.745299
3.474237
1.864225
0.932112
-0.508425
-1.355800
-0.677900
0.508425
2.118437
5.677411
5.931624
7.287424
6.016361
7.795849
8.134799
11.185348
9.829548
13.896947
15.506960
18.303297
19.404884
18.981197
17.201709
20.675946
20.675946
25.336508
24.065446
25.760195
24.234921
22.794383
19.489621
20.760684
17.371184
18.303297
14.405372
15.845910
10.253236
8.558486
5.423199
5.338462
3.474237
7.202686
4.914774
4.830037
-0.423687
-3.643712
-9.151648
-9.914286
-12.880098
-10.337973
-11.947985
-9.829548
-10.253236
-8.304274
-7.456899
-3.813187
-2.965812
-0.847375
-5.084249
-5.762149
-9.405861
-8.050061
-6.694261
-3.643712
-4.067399
-3.304762
-4.491087
-3.220024
-3.813187
0.677900
2.203175
4.406349
2.542125
6.948474
7.033211
10.761661
10.761661
12.710623
8.219536
4.660562
2.542125
1.355800
3.643712
5.253724
1.355800
1.016850
-1.694750
-2.457387
-2.881074
-2.033700
1.016850
3.389499
-0.254212
-0.338950
-3.304762
-6.440049
-3.474237
0.847375
3.389499
2.542125
3.220024
5.507937
6.016361
6.609524
10.253236
7.456899
12.032723
10.846398
12.795360
11.778510
12.456410
9.999023
10.422711
4.406349
0.254212
-4.491087
-4.999512
-6.524786
-2.711600
-1.948962
1.101587
-3.389499
-6.185836
-10.422711
-10.507448
-8.727961
-2.457387
0.677900
6.355311
3.728449
2.796337
-1.948962
2.965812
5.762149
12.964835
14.659585
17.116972
10.507448
8.558486
4.236874
7.965324
6.863736
7.372161
4.152137
6.524786
-1.101587
-4.406349
-9.744811
-7.626374
-8.389011
-5.592674
-6.270574
-4.406349
-8.643223
-6.440049
-7.541636
-7.795849
-7.117949
-3.474237
-11.015873
1.271062
-1.271062
-1.948962
-2.711600
-1.610012
-2.542125
2.033700
3.474237
3.558974
-3.558974
-5.507937
-10.168498
-6.609524
-2.626862
3.643712
-0.677900
-1.016850
-8.389011
-8.643223
-11.354823
-7.456899
-5.084249
-1.864225
-7.033211
-8.812698
-12.286935
-13.303785
-13.557998
-7.202686
-6.778999
-4.575824
-10.168498
-11.947985
-15.591697
-13.134310
-10.761661
-3.813187
-7.033211
-8.050061
-12.880098
-11.693773
-11.185348
-5.592674
-2.711600
-0.932112
-4.999512
-6.863736
-9.999023
-9.066911
-7.456899
-2.626862
-4.575824
-7.880586
-14.574847
-14.829060
-17.625397
-15.845910
-15.506960
-12.286935
-12.710623
-12.032723
-12.964835
-10.337973
-5.592674
-3.474237
1.864225
3.135287
4.321612
2.881074
3.474237
2.965812
3.474237
6.016361
5.846886
6.270574
4.999512
4.575824
1.779487
2.542125
3.643712
4.914774
5.084249
2.965812
3.389499
4.660562
6.778999
7.965324
7.541636
5.084249
8.134799
8.050061
6.694261
5.507937
6.355311
-0.084737
0.169475
2.033700
6.185836
7.287424
6.609524
2.203175
0.762637
-0.932112
1.525275
3.304762
8.812698
8.473748
10.422711
7.287424
8.050061
6.270574
9.829548
8.304274
8.304274
4.830037
2.711600
-1.864225
-0.847375
1.440537
7.372161
8.134799
6.863736
-0.423687
-1.610012
-7.117949
-7.287424
-5.762149
-3.558974
-6.355311
-4.067399
-5.677411
-4.575824
-6.016361
-4.575824
-7.626374
-7.117949
-10.422711
-9.236386
-8.219536
-3.728449
-2.457387
0.593162
1.948962
0.847375
0.847375
0.508425
-1.440537
-1.694750
-3.728449
-3.389499
-3.897924
-3.643712
-3.558974
-0.677900
2.118437
4.914774
4.152137
1.694750
-4.491087
-6.440049
-9.321123
-6.694261
-4.152137
-2.881074
-6.778999
-8.982173
-11.270085
-11.100611
-9.405861
-7.033211
-6.355311
-3.304762
-2.457387
-3.558974
-6.948474
-7.456899
-4.914774
-2.118437
-2.118437
2.203175
-1.101587
0.677900
-1.271062
-0.508425
-3.643712
-5.846886
-7.626374
-4.830037
-3.220024
-0.254212
-0.593162
3.643712
4.660562
6.609524
3.728449
4.236874
1.948962
2.542125
5.507937
9.405861
9.829548
11.439560
10.761661
12.795360
8.389011
6.016361
3.135287
3.304762
1.525275
2.287912
-1.440537
-2.287912
-8.050061
-11.270085
-13.642735
-13.981685
-16.100122
-14.913797
-14.490110
-11.947985
-14.320635
-9.405861
-7.456899
-5.592674
-4.914774
-1.016850
-2.372650
-5.168987
-8.389011
-10.168498
-14.998535
-14.235897
-14.829060
-12.202198
-10.846398
-8.727961
-9.660073
-7.287424
-7.202686
-5.168987
-7.795849
-3.813187
-4.406349
-2.796337
-2.542125
-1.948962
-3.474237
-1.864225
-0.677900
1.864225
2.372650
3.897924
-0.169475
-3.474237
-7.965324
-6.440049
-6.270574
1.525275
3.474237
4.830037
1.779487
2.457387
-0.254212
1.355800
2.542125
7.117949
8.134799
7.456899
4.406349
3.728449
3.728449
6.440049
12.964835
14.320635
13.812210
13.557998
12.625885
12.710623
16.523810
19.828571
22.031746
23.811233
21.438584
18.388034
13.727473
12.456410
8.134799
8.050061
8.727961
9.829548
8.643223
8.050061
6.863736
6.694261
5.677411
4.406349
2.372650
1.610012
-0.169475
-2.542125
-4.745299
-7.880586
-9.490598
-10.931136
-11.778510
-12.286935
-12.371673
-9.914286
-9.829548
-12.202198
-11.354823
-8.727961
-7.456899
-5.084249
-2.457387
-4.152137
-2.711600
-4.152137
-4.321612
-6.524786
-7.117949
-8.050061
-5.168987
-4.491087
-2.203175
-2.796337
-2.626862
-1.948962
-0.169475
1.694750
2.881074
3.474237
1.864225
3.389499
5.338462
5.084249
7.372161
8.982173
14.405372
14.829060
17.032234
15.591697
16.354335
15.337485
18.388034
18.388034
20.760684
17.879609
16.608547
10.083761
10.846398
4.914774
1.440537
-3.728449
-3.643712
-8.050061
-7.117949
-9.405861
-8.050061
-9.744811
-14.490110
-6.440049
-2.542125
-0.847375
1.864225
3.304762
3.728449
3.050549
1.101587
-1.779487
-0.084737
-2.881074
-1.694750
-2.796337
-1.779487
-4.406349
-4.575824
-4.999512
-3.304762
-1.271062
0.847375
2.626862
3.558974
2.796337
1.779487
-0.254212
-2.542125
-4.660562
-3.897924
-5.338462
-5.253724
-2.965812
1.948962
1.864225
4.660562
6.016361
5.507937
3.982662
-0.762637
-3.220024
-4.745299
-3.897924
-4.406349
-4.236874
-5.253724
-5.931624
-5.931624
-6.185836
-4.830037
-10.931136
-13.812210
-13.388523
-13.303785
-11.015873
-8.897436
-4.236874
-2.203175
-3.558974
-2.203175
-4.745299
-5.846886
-6.694261
-6.270574
-2.372650
-4.406349
-2.881074
-2.542125
-1.525275
-0.508425
3.135287
6.778999
9.405861
9.066911
6.524786
2.881074
-0.508425
-5.762149
-4.152137
-2.203175
0.847375
5.084249
10.168498
15.422222
19.998046
24.150183
26.438095
26.438095
27.115995
22.540171
17.794872
13.981685
11.693773
12.202198
17.201709
17.201709
15.083272
11.439560
9.660073
7.456899
4.491087
3.050549
0.084737
-2.372650
-5.846886
-10.168498
-13.812210
-15.252747
-15.168010
-13.896947
-14.235897
-16.354335
-14.998535
-16.269597
-16.608547
-14.151160
-11.015873
-8.558486
-6.524786
-6.016361
-5.253724
-5.677411
-1.948962
-0.677900
3.050549
1.779487
5.168987
1.610012
1.440537
0.423687
3.220024
4.914774
10.083761
10.592186
11.524298
7.711111
8.304274
4.745299
7.372161
7.965324
11.185348
11.439560
13.388523
9.321123
9.829548
6.270574
7.117949
5.084249
4.491087
-0.169475
2.118437
0.762637
5.168987
3.982662
5.168987
5.338462
7.456899
6.016361
7.795849
5.084249
7.456899
6.016361
10.168498
11.100611
14.998535
12.880098
15.422222
13.812210
14.574847
11.354823
7.456899
6.694261
2.965812
-1.779487
-3.304762
-6.270574
-5.592674
-5.846886
-3.389499
-3.643712
-0.508425
-0.338950
-0.084737
-3.389499
-3.728449
-4.406349
-4.152137
-5.846886
-6.694261
-8.304274
-5.931624
-6.016361
-4.321612
-8.897436
-9.151648
-13.812210
-12.710623
-16.947497
-18.049084
-19.574359
-15.337485
-11.778510
-9.660073
-10.507448
-9.405861
-8.727961
-10.168498
-11.609035
-11.609035
-9.829548
-6.863736
-4.914774
-1.694750
-1.186325
4.575824
2.542125
3.474237
0.593162
-0.338950
-2.542125
-3.474237
-4.914774
-4.236874
-7.287424
-12.371673
-17.625397
-21.523321
-24.150183
-25.251770
-23.726496
-19.998046
-18.726984
-19.998046
-18.726984
-18.811722
-14.744322
-10.676923
-5.677411
-2.203175
1.186325
-3.220024
1.864225
1.101587
1.355800
0.847375
2.372650
0.593162
0.423687
-2.118437
-0.593162
-4.152137
-5.253724
-7.117949
-7.541636
-9.744811
-7.795849
-17.710134
-11.015873
-15.930647
-17.286447
-19.489621
-16.269597
-16.862759
-10.422711
-6.440049
-2.796337
-5.168987
-2.881074
-6.440049
-6.524786
-13.812210
-15.252747
-20.845421
-19.404884
-20.760684
-16.269597
-15.168010
-11.778510
-9.236386
-5.168987
-3.643712
2.372650
-0.762637
-0.423687
-1.694750
2.542125
2.626862
3.982662
1.186325
2.033700
1.694750
3.813187
0.084737
2.965812
6.524786
10.761661
6.863736
4.406349
0.000000
0.254212
-3.897924
-1.355800
-3.474237
-1.440537
-3.220024
-1.016850
-4.067399
-5.253724
-9.999023
-8.134799
-7.626374
-5.253724
-3.643712
0.000000
-0.932112
2.203175
-0.932112
1.016850
-1.948962
-1.355800
-4.660562
-1.779487
-1.864225
1.864225
2.033700
3.728449
6.016361
10.931136
12.202198
14.998535
12.202198
12.964835
7.456899
8.050061
7.287424
6.609524
5.677411
9.151648
6.355311
7.456899
8.558486
9.829548
9.829548
9.914286
7.117949
7.711111
4.999512
5.846886
3.389499
5.762149
5.931624
9.914286
9.151648
9.236386
6.185836
3.389499
2.033700
4.745299
1.355800
-0.593162
-1.186325
-1.101587
-3.389499
-2.287912
-1.016850
1.101587
2.203175
1.186325
1.355800
-3.050549
-3.982662
-0.762637
2.796337
6.948474
9.575336
10.846398
8.304274
6.440049
2.881074
2.881074
6.524786
9.321123
14.829060
12.117460
8.727961
5.338462
3.643712
1.355800
4.660562
8.558486
11.439560
8.473748
8.219536
6.270574
9.066911
10.761661
15.591697
16.693284
17.286447
12.880098
9.575336
4.321612
2.287912
-0.084737
3.813187
6.440049
6.101099
4.660562
4.999512
3.643712
5.338462
5.507937
8.304274
7.880586
10.761661
8.050061
9.575336
7.541636
10.083761
7.117949
9.575336
7.033211
6.778999
4.236874
3.050549
-0.508425
0.423687
1.948962
3.558974
-1.186325
-0.254212
-4.321612
-3.897924
-5.762149
-4.491087
-5.507937
-5.592674
-8.558486
-6.270574
-6.948474
-6.694261
-7.033211
-7.202686
-5.762149
-2.881074
-4.236874
-5.931624
-8.643223
-10.507448
-12.202198
-11.609035
-13.219048
-11.185348
-13.134310
-12.964835
-12.371673
-9.151648
-7.880586
-5.677411
-6.440049
-4.236874
-1.525275
-1.355800
-4.914774
3.050549
5.084249
6.270574
8.304274
8.389011
10.337973
10.337973
14.320635
14.574847
14.490110
13.557998
12.964835
11.100611
10.592186
11.185348
12.032723
11.100611
9.575336
6.948474
7.287424
3.728449
3.474237
6.270574
8.473748
8.812698
10.337973
4.236874
7.541636
10.931136
14.405372
15.422222
14.574847
11.015873
6.863736
4.236874
5.931624
6.948474
5.168987
2.203175
-1.948962
-6.609524
-7.033211
-9.999023
-4.999512
-5.168987
-7.372161
-7.626374
-10.168498
-10.507448
-9.236386
-10.931136
-12.964835
-16.269597
-18.049084
-19.998046
-17.625397
-15.252747
-10.083761
-6.863736
-5.168987
-6.694261
-5.507937
-4.914774
-2.711600
-1.694750
-0.593162
-8.050061
-11.015873
-13.981685
-10.168498
-10.931136
-5.253724
-2.118437
-0.932112
-1.779487
-0.677900
-2.118437
1.101587
0.084737
-0.169475
-2.626862
-6.101099
-10.846398
-9.321123
-9.321123
-7.456899
-9.914286
-7.372161
-11.100611
-7.541636
-8.897436
-6.185836
-8.304274
-5.168987
-7.795849
-9.236386
-10.846398
-8.727961
-10.253236
-6.524786
-6.101099
-3.389499
-4.575824
-1.948962
-4.660562
-3.474237
-5.507937
-1.271062
-2.711600
-0.169475
-0.508425
2.881074
0.932112
2.372650
1.948962
4.321612
1.864225
2.287912
2.796337
1.355800
-6.948474
-7.795849
-12.202198
-6.270574
-3.643712
0.508425
2.372650
5.084249
0.084737
-5.423199
-10.931136
-11.439560
-10.507448
-7.626374
-7.117949
-6.609524
-9.321123
-9.236386
-12.880098
-14.490110
-14.405372
-5.338462
-1.779487
-3.643712
-9.066911
-10.846398
-12.880098
-11.609035
-8.558486
2.033700
6.863736
7.372161
4.152137
2.965812
1.440537
-0.338950
-0.508425
5.168987
7.965324
6.270574
7.541636
6.355311
6.101099
5.084249
6.101099
7.033211
7.456899
6.948474
7.541636
5.846886
6.185836
5.084249
3.982662
-0.593162
-3.135287
-5.762149
-4.067399
-7.202686
-6.270574
-4.491087
-1.186325
-2.626862
-3.643712
-6.355311
-5.846886
-8.134799
-6.694261
-8.304274
-6.524786
-10.337973
-11.015873
-10.253236
-7.795849
-6.609524
-1.440537
-0.084737
4.152137
2.965812
5.507937
1.779487
5.253724
2.118437
4.914774
0.169475
2.626862
3.813187
6.863736
5.846886
5.507937
0.762637
0.423687
-2.203175
1.016850
1.864225
4.830037
4.575824
6.778999
3.474237
3.982662
1.271062
1.610012
-0.508425
1.355800
0.762637
2.796337
-0.593162
-1.016850
-2.965812
-0.423687
-0.593162
2.626862
3.643712
5.423199
4.660562
6.016361
3.813187
6.863736
5.507937
5.507937
3.558974
6.440049
7.541636
12.795360
11.270085
13.134310
10.422711
13.388523
8.304274
9.490598
6.948474
9.236386
4.999512
8.643223
5.677411
7.372161
5.084249
6.016361
5.423199
6.863736
3.304762
6.270574
5.677411
7.202686
5.338462
8.643223
2.457387
5.168987
3.558974
6.948474
5.931624
9.829548
9.236386
10.168498
10.337973
12.202198
10.592186
9.236386
7.202686
7.033211
4.999512
4.830037
1.016850
1.355800
-2.118437
-0.593162
-2.033700
-1.525275
-2.626862
-3.728449
-4.491087
-2.542125
-3.389499
-0.932112
0.508425
5.677411
5.423199
7.117949
6.355311
9.151648
9.490598
14.405372
17.032234
19.913309
19.065934
19.320147
16.608547
16.015385
12.795360
11.100611
8.897436
7.711111
4.067399
3.135287
-0.593162
-0.254212
-4.067399
-1.948962
-3.135287
-2.457387
-2.287912
0.762637
-1.525275
1.864225
1.525275
2.542125
1.694750
0.932112
-3.813187
-2.711600
-6.524786
-5.592674
-6.694261
-6.694261
-10.422711
-7.880586
-9.660073
-8.812698
-9.236386
-5.931624
-3.220024
-3.474237
2.542125
6.440049
3.558974
1.440537
-0.762637
1.610012
1.694750
3.558974
0.169475
0.254212
-4.152137
-4.406349
-7.541636
-6.863736
-4.745299
-2.711600
-7.372161
-7.626374
-10.422711
-9.066911
-10.168498
-8.304274
-11.354823
-10.931136
-16.015385
-16.693284
-17.286447
-15.676435
-14.405372
-9.914286
-7.033211
-8.219536
-12.710623
-14.490110
-14.490110
-11.100611
-12.625885
-9.321123
-13.219048
-17.879609
-25.167033
-27.370208
-28.302320
-25.844933
-24.828083
-21.947009
-21.269109
-17.625397
-14.659585
-10.168498
-6.694261
-1.271062
2.965812
6.101099
6.863736
8.473748
8.897436
12.541148
14.490110
18.557509
17.964347
19.150672
14.913797
14.490110
12.964835
13.557998
14.744322
18.049084
15.761172
12.795360
9.151648
6.524786
3.135287
-1.016850
6.270574
8.982173
4.914774
6.524786
4.660562
8.219536
5.338462
6.778999
2.711600
5.762149
3.897924
6.524786
8.050061
7.541636
-1.610012
-5.253724
-10.507448
-11.693773
-17.286447
-16.100122
-17.116972
-9.575336
-8.473748
-3.643712
-6.863736
-8.050061
-11.270085
-8.727961
-6.355311
-3.220024
-6.185836
-4.914774
-6.440049
-5.592674
-5.592674
-2.203175
-2.965812
-5.253724
-5.846886
-5.084249
-8.389011
-9.914286
-11.778510
-11.270085
-9.490598
-6.101099
-3.728449
-0.508425
2.287912
5.338462
3.813187
4.067399
2.796337
2.542125
0.084737
0.084737
-2.118437
-4.152137
-7.456899
-7.711111
-9.914286
-9.490598
-14.151160
-13.134310
-14.574847
-10.676923
-12.795360
-9.914286
-10.676923
-10.168498
-10.168498
-6.185836
-5.677411
-6.609524
-8.134799
-5.253724
-5.846886
-2.118437
1.525275
5.253724
6.524786
5.846886
5.168987
0.338950
-3.220024
-3.982662
-6.101099
-5.253724
-7.456899
-6.948474
-5.762149
-8.050061
-11.609035
-12.541148
-7.456899
-4.830037
-3.135287
-5.423199
-2.203175
-1.101587
-0.169475
-0.169475
2.711600
4.406349
4.406349
1.440537
1.525275
