-10.749695
-10.316239
-12.743590
-8.148962
-5.634921
-1.040293
-0.953602
1.733822
-1.647131
-8.148962
-12.136752
-17.598291
-20.285714
-17.078144
-16.384615
-13.350427
-9.189255
-5.981685
-1.647131
4.681319
3.814408
0.260073
0.346764
-4.768010
-8.322344
-10.749695
-10.402930
-11.876679
-7.282051
-6.328449
-0.606838
5.288156
6.328449
16.991453
17.684982
18.725275
21.239316
24.013431
21.672772
21.152625
16.818071
15.517705
11.703297
3.034188
-2.167277
-8.322344
-11.356532
-12.830281
-10.229548
-7.715507
-3.641026
-1.733822
-3.207570
-3.814408
-6.848596
-12.396825
-21.065934
-24.013431
-26.787546
-29.041514
-31.208791
-32.942613
-31.728938
-29.214896
-24.880342
-20.285714
-17.771673
-13.003663
-13.697192
-14.997558
-17.424908
-20.372405
-21.586081
-23.579976
-25.573871
-24.793651
-25.487179
-24.446886
-22.713065
-15.951160
-14.043956
-7.282051
-6.675214
4.768010
-4.247863
2.774115
-2.687424
-4.074481
-6.848596
-2.600733
-11.963370
-8.235653
-14.043956
-10.749695
-1.647131
3.554335
13.350427
17.684982
20.892552
19.072039
17.424908
15.170940
12.483516
1.473748
-1.560440
-5.028083
-5.028083
-6.935287
-3.641026
-3.554335
2.080586
5.288156
6.415140
17.598291
10.923077
12.396825
10.576313
5.374847
-1.993895
-2.514042
-9.362637
-10.402930
-9.536020
-11.963370
-18.465201
-17.511600
-16.557998
-16.644689
-12.136752
-9.449328
-8.322344
-6.328449
-8.842491
-8.235653
-13.870574
-16.731380
-18.551893
-18.551893
-13.437118
-11.096459
-11.183150
-6.935287
2.167277
-2.253968
3.727717
5.028083
8.582418
6.935287
10.142857
8.669109
6.501832
5.201465
2.774115
-1.213675
-2.860806
-7.282051
-11.529915
-14.737485
-17.684982
-12.136752
-11.096459
-8.929182
-7.368742
-9.709402
-10.663004
-7.888889
-0.866911
-1.473748
-3.467643
-8.669109
-8.582418
-13.783883
-13.090354
-15.604396
-19.072039
-19.418803
-19.938950
-16.211233
-10.576313
-4.768010
-0.260073
3.814408
5.981685
8.322344
4.507937
2.080586
-2.860806
-2.167277
-3.814408
-8.235653
-9.189255
-9.622711
-6.415140
-4.594628
-5.548230
4.421245
7.802198
11.356532
12.830281
8.062271
9.709402
4.507937
7.108669
6.588523
6.761905
4.854701
2.427350
0.346764
5.201465
4.681319
10.836386
11.616606
16.384615
17.598291
18.725275
20.372405
22.279609
18.898657
10.663004
9.102564
2.514042
-2.427350
-8.148962
-13.090354
-14.477411
-10.663004
-8.062271
-2.947497
-3.467643
1.907204
11.703297
13.177045
16.211233
18.985348
18.985348
14.217338
12.223443
7.628816
6.068376
1.560440
0.606838
-1.126984
2.340659
2.340659
-0.260073
6.241758
6.328449
6.501832
6.155067
2.340659
5.548230
1.647131
2.860806
3.294261
4.334554
-2.340659
0.086691
-9.015873
-7.282051
-6.501832
-4.334554
-6.068376
-6.241758
-5.808303
-4.768010
-4.421245
-5.461538
-8.582418
-8.495726
-9.882784
-6.761905
-10.316239
-10.402930
-11.183150
-14.130647
-15.344322
-12.483516
-14.304029
-11.269841
-11.703297
-6.675214
-1.820513
-0.780220
2.080586
3.120879
-0.086691
2.600733
2.860806
0.693529
1.907204
0.953602
1.647131
-2.080586
-2.167277
-1.560440
-2.080586
-0.433455
-1.126984
-2.860806
-2.687424
-1.300366
6.501832
7.282051
7.715507
14.130647
14.824176
13.610501
10.402930
8.062271
0.866911
-2.687424
-3.814408
-6.848596
-8.235653
-10.229548
-8.495726
-8.062271
-4.334554
-2.340659
-0.260073
5.374847
7.802198
13.697192
12.570208
14.737485
13.523810
10.142857
3.987790
0.173382
-7.802198
-11.009768
-7.195360
-7.802198
-3.641026
3.467643
9.275946
12.050061
17.251526
15.344322
20.025641
12.310134
11.356532
5.894994
1.820513
-1.126984
-1.126984
-1.473748
-4.768010
-1.993895
0.693529
-2.427350
2.427350
4.681319
8.842491
1.213675
0.780220
-0.953602
-1.300366
-0.693529
-6.241758
-9.275946
-10.229548
-10.836386
-11.356532
-11.529915
-13.610501
-11.269841
-4.768010
-4.854701
-3.814408
-0.346764
0.173382
0.866911
0.173382
-4.941392
-7.021978
-11.183150
-9.882784
-12.223443
-14.390720
-10.316239
-12.310134
-9.189255
-5.201465
-4.854701
-0.260073
1.647131
7.542125
8.322344
7.888889
8.495726
9.362637
4.334554
1.213675
-0.953602
-3.901099
-8.842491
-8.929182
-6.675214
-11.009768
-12.050061
-12.830281
-12.656899
-8.148962
-2.253968
2.427350
6.935287
5.288156
9.449328
10.576313
9.449328
3.987790
1.126984
-0.693529
-9.362637
-8.148962
-8.755800
-8.929182
-12.136752
-7.195360
-5.548230
-2.687424
0.693529
2.167277
4.941392
5.981685
6.935287
2.427350
-1.993895
-4.681319
-6.241758
-6.675214
-8.582418
-8.929182
-10.142857
-9.102564
-8.148962
-6.935287
-6.415140
-2.860806
-3.207570
-3.120879
-3.034188
-4.421245
-3.380952
-7.975580
-13.437118
-9.449328
-17.078144
-13.610501
-12.656899
-13.523810
-10.749695
-5.548230
0.953602
4.421245
9.969475
-0.866911
-6.935287
0.086691
-4.594628
-7.802198
-5.721612
-6.761905
-6.068376
-6.415140
-4.681319
-6.241758
-5.894994
-5.461538
-4.247863
1.473748
2.687424
10.576313
12.136752
18.898657
19.418803
17.511600
10.402930
8.582418
-1.820513
0.433455
-1.300366
-2.340659
-4.507937
-5.894994
-9.189255
-11.183150
-11.009768
-5.461538
-4.074481
-2.080586
1.213675
5.374847
3.641026
6.588523
1.213675
-4.161172
-10.402930
-13.697192
-16.557998
-15.864469
-14.043956
-8.148962
-8.148962
-7.455433
-1.213675
0.000000
1.387057
3.727717
4.334554
2.340659
1.560440
-3.034188
-7.628816
-8.582418
-13.437118
-12.136752
-10.749695
-8.755800
-9.015873
-5.201465
-4.334554
-1.213675
1.126984
3.207570
6.415140
8.755800
8.235653
9.622711
7.975580
7.195360
6.848596
2.427350
1.993895
1.907204
2.687424
2.340659
4.421245
6.675214
11.963370
14.130647
17.945055
21.846154
20.805861
22.106227
15.517705
11.269841
7.455433
4.854701
1.300366
-4.334554
-5.461538
-8.669109
-7.715507
-7.975580
-2.947497
0.520147
0.606838
4.681319
4.507937
4.681319
3.554335
2.947497
-1.300366
-1.213675
-3.380952
-0.780220
-4.334554
-6.155067
-6.848596
-6.155067
-6.068376
-5.114774
-6.241758
-1.473748
-0.520147
-0.953602
-4.247863
-3.987790
-7.282051
-7.628816
-9.275946
-9.449328
-5.808303
-5.114774
-5.374847
-2.600733
-1.473748
3.987790
3.901099
6.155067
7.195360
9.536020
9.709402
7.715507
5.548230
3.467643
1.820513
-3.207570
-4.247863
-5.028083
-5.808303
-7.021978
-8.582418
-6.415140
-4.941392
-1.560440
1.300366
5.808303
7.542125
9.102564
6.328449
4.247863
2.340659
0.000000
-0.520147
-2.600733
-5.808303
-7.455433
-7.542125
-9.362637
-9.969475
-8.409035
-6.501832
-3.901099
-0.866911
3.294261
6.241758
7.282051
8.062271
5.201465
2.253968
1.647131
1.213675
-0.953602
-2.340659
-2.860806
-2.427350
-1.473748
0.606838
1.993895
4.681319
9.449328
13.177045
16.471306
17.251526
10.923077
8.929182
6.675214
4.768010
4.941392
3.467643
2.687424
1.907204
2.860806
3.120879
3.727717
3.987790
5.114774
5.374847
4.854701
8.322344
9.015873
9.796093
6.068376
2.600733
1.560440
-0.693529
-4.247863
-3.814408
-2.947497
-2.080586
-3.727717
1.560440
3.034188
5.114774
6.848596
8.582418
12.656899
8.929182
6.761905
5.028083
-0.086691
-1.473748
-6.328449
-6.761905
-6.848596
-9.882784
-5.028083
0.866911
4.334554
5.288156
11.009768
11.009768
10.142857
11.529915
11.443223
11.096459
9.622711
7.195360
3.294261
-0.606838
-2.167277
-3.901099
-3.727717
-1.126984
1.126984
-0.260073
1.387057
1.213675
0.086691
2.600733
1.560440
-0.346764
-6.501832
-9.709402
-16.471306
-21.065934
-20.632479
-19.765568
-16.557998
-12.916972
-9.709402
-2.340659
4.334554
4.768010
4.507937
4.421245
3.294261
4.247863
-1.213675
-5.981685
-4.074481
-4.074481
-0.606838
-1.387057
-1.993895
0.346764
-0.693529
0.433455
1.820513
4.334554
6.068376
8.929182
9.969475
1.993895
-1.993895
-4.768010
-8.582418
-11.789988
-19.938950
-18.551893
-20.372405
-17.771673
-14.390720
-11.096459
-5.374847
-1.560440
3.120879
5.114774
4.854701
1.733822
-1.733822
-2.514042
-11.269841
-12.656899
-14.650794
-20.112332
-16.644689
-18.378510
-13.003663
-14.043956
-8.235653
-5.721612
-0.693529
2.340659
7.368742
6.415140
5.634921
2.947497
-2.600733
-8.148962
-8.322344
-11.443223
-11.616606
-14.043956
-6.675214
-7.368742
-3.554335
-0.346764
3.641026
6.675214
8.062271
10.923077
6.155067
4.594628
2.947497
-1.560440
-3.554335
-6.588523
-10.923077
-10.836386
-7.802198
-6.761905
-4.421245
-0.953602
2.860806
5.721612
8.235653
6.328449
7.542125
5.548230
4.768010
3.814408
-1.213675
-2.774115
-7.282051
-10.663004
-10.316239
-9.882784
-11.703297
-10.749695
-9.449328
-8.669109
-3.814408
-2.514042
-2.340659
0.693529
1.993895
0.346764
-0.953602
-4.421245
-5.374847
-7.195360
-4.334554
-4.941392
0.693529
2.600733
6.675214
11.009768
9.969475
10.489621
13.003663
14.650794
13.957265
14.910867
12.830281
9.362637
8.582418
7.455433
4.594628
1.473748
1.907204
0.260073
0.606838
0.433455
0.693529
0.520147
0.433455
-0.260073
0.173382
-2.600733
-5.981685
-8.148962
-10.576313
-13.957265
-10.316239
-7.715507
-5.548230
-4.941392
-1.300366
0.693529
4.507937
5.548230
3.727717
3.380952
-2.427350
-4.681319
-8.148962
-7.628816
-6.848596
-6.415140
-3.814408
-0.693529
1.560440
4.854701
5.894994
7.542125
10.489621
12.570208
13.870574
16.904762
16.297924
15.864469
13.090354
7.368742
1.387057
-2.947497
-3.034188
-6.328449
-4.681319
-4.074481
-1.907204
-0.953602
0.693529
5.894994
6.848596
2.080586
-3.467643
-9.015873
-11.269841
-16.384615
-15.517705
-17.164835
-12.483516
-11.356532
-9.536020
-4.421245
1.560440
6.761905
12.483516
15.084249
18.551893
17.338217
14.910867
10.316239
5.721612
0.346764
-4.161172
-5.548230
-6.935287
-6.241758
-5.374847
-0.173382
6.068376
11.963370
18.378510
23.493284
29.128205
29.908425
26.267399
21.412698
10.402930
4.247863
-4.247863
-7.802198
-12.483516
-12.830281
-11.529915
-7.455433
-2.253968
2.427350
5.808303
12.396825
14.910867
18.031746
20.025641
18.898657
17.511600
11.963370
4.854701
-2.600733
-8.062271
-10.836386
-12.136752
-11.616606
-9.362637
-3.467643
0.953602
5.808303
11.703297
15.170940
18.811966
16.644689
13.350427
7.715507
2.774115
-3.207570
-7.108669
-9.275946
-10.836386
-7.108669
-5.374847
-3.641026
-2.774115
-1.473748
-1.213675
2.600733
3.641026
5.201465
1.993895
-2.860806
-11.356532
-13.870574
-14.650794
-16.557998
-16.297924
-13.350427
-11.096459
-9.015873
-6.761905
-2.600733
1.473748
4.854701
9.015873
10.663004
7.802198
4.507937
0.866911
-7.368742
-10.923077
-13.870574
-15.084249
-15.691087
-12.570208
-11.096459
-8.842491
-4.681319
-1.387057
5.721612
12.050061
17.598291
17.164835
13.957265
8.148962
1.040293
-6.241758
-11.963370
-15.777778
-14.650794
-14.130647
-9.536020
-5.548230
0.086691
0.520147
1.647131
-1.647131
-4.768010
-8.929182
-11.529915
-12.136752
-11.269841
-12.223443
-13.783883
-17.945055
-20.632479
-22.799756
-22.279609
-21.239316
-17.684982
-13.003663
-13.610501
-13.003663
-16.644689
-18.898657
-19.678877
-19.938950
-20.719170
-20.719170
-21.065934
-20.372405
-18.031746
-15.517705
-12.050061
-8.755800
-3.207570
-1.040293
1.387057
-1.300366
0.693529
-1.647131
-2.253968
-3.120879
-2.340659
-1.473748
-0.606838
2.167277
6.328449
10.142857
16.644689
20.025641
25.573871
26.267399
24.967033
16.471306
14.650794
8.235653
3.467643
-0.866911
-5.201465
-6.068376
-5.721612
-7.021978
-4.681319
0.346764
4.507937
8.669109
12.570208
12.916972
13.350427
14.043956
15.257631
15.084249
13.783883
13.090354
13.090354
9.882784
6.328449
3.727717
5.894994
9.882784
12.743590
14.477411
13.523810
9.102564
6.068376
0.866911
-5.894994
-10.749695
-13.957265
-15.431013
-17.424908
-16.818071
-13.957265
-14.390720
-9.536020
-7.195360
-3.207570
0.000000
3.641026
4.421245
3.987790
-0.606838
-4.074481
-8.669109
-12.223443
-16.557998
-18.031746
-20.979243
-18.985348
-18.291819
-13.003663
-5.808303
0.173382
6.588523
11.096459
15.084249
19.418803
19.418803
18.031746
11.703297
6.068376
-2.427350
-6.675214
-12.396825
-14.217338
-15.604396
-14.304029
-10.142857
-6.675214
-2.080586
0.346764
6.415140
10.142857
13.523810
13.523810
11.529915
9.969475
3.814408
0.606838
-4.334554
-7.975580
-11.963370
-13.783883
-11.529915
-8.235653
-3.901099
-1.647131
3.987790
8.322344
11.356532
15.777778
14.477411
12.570208
7.802198
5.374847
3.554335
0.606838
-1.820513
0.866911
2.687424
4.507937
5.028083
8.409035
9.622711
12.050061
15.257631
15.344322
16.211233
14.304029
12.483516
8.842491
6.328449
2.600733
-0.606838
-3.554335
-3.380952
-2.687424
-1.473748
0.000000
-0.346764
-0.173382
-1.820513
-2.774115
-3.120879
-3.901099
-7.975580
-14.997558
-18.378510
-22.366300
-24.620269
-23.579976
-23.319902
-20.979243
-18.811966
-16.384615
-12.743590
-9.622711
-7.195360
-5.634921
-6.761905
-8.409035
-9.796093
-12.916972
-15.691087
-18.638584
-18.465201
-19.418803
-16.731380
-15.691087
-13.697192
-10.576313
-5.981685
-1.993895
-0.780220
0.346764
-0.433455
-1.907204
-4.854701
-8.322344
-8.582418
-10.056166
-12.916972
-12.396825
-13.523810
-12.396825
-10.316239
-6.935287
-3.034188
0.433455
1.993895
4.074481
5.374847
4.161172
2.600733
1.300366
-4.594628
-5.288156
-7.975580
-8.409035
-9.362637
-7.108669
-3.554335
-2.860806
-0.260073
3.207570
7.975580
9.189255
9.015873
10.749695
7.368742
6.675214
2.947497
1.820513
-1.126984
-0.086691
0.693529
1.733822
0.693529
3.380952
5.548230
5.981685
8.235653
5.981685
7.282051
5.981685
5.374847
5.028083
7.455433
8.582418
7.195360
6.328449
6.068376
5.288156
6.675214
6.328449
7.628816
9.709402
9.275946
9.015873
10.142857
10.576313
10.142857
8.582418
8.929182
8.755800
5.028083
2.514042
-0.866911
-1.300366
-3.207570
-1.126984
0.086691
2.600733
1.993895
3.467643
2.080586
0.693529
0.260073
0.433455
-0.173382
-1.213675
-1.473748
-0.260073
-1.126984
1.993895
5.548230
5.288156
5.894994
5.374847
6.588523
4.421245
0.173382
-0.780220
-1.647131
-1.300366
-1.126984
2.080586
3.814408
3.380952
4.161172
7.975580
8.755800
5.374847
1.300366
1.126984
-2.253968
-3.641026
-5.721612
-6.675214
-4.594628
-1.040293
-0.520147
1.387057
3.467643
8.148962
8.495726
11.183150
12.223443
11.443223
7.368742
5.548230
3.987790
0.086691
-1.993895
-0.520147
-2.427350
-1.387057
0.173382
3.814408
6.155067
7.542125
11.963370
14.304029
15.257631
14.043956
14.043956
11.963370
9.969475
8.062271
5.548230
2.860806
1.040293
4.074481
3.814408
7.108669
7.455433
8.495726
8.582418
8.495726
7.888889
9.362637
5.634921
4.161172
-0.433455
-3.641026
-6.155067
-7.888889
-9.102564
-8.235653
-6.675214
-1.387057
5.634921
11.963370
13.090354
12.916972
11.356532
10.923077
4.681319
2.600733
-2.514042
-3.987790
-6.241758
-8.148962
-10.056166
-8.755800
-6.675214
-4.074481
-2.860806
-1.820513
-1.820513
-2.427350
-2.860806
-0.433455
-1.300366
1.993895
1.473748
0.433455
-3.034188
-4.507937
-5.201465
-5.634921
-5.461538
-2.947497
-3.901099
-1.040293
-1.126984
-1.213675
-1.733822
-3.814408
-5.548230
-7.975580
-10.316239
-10.923077
-12.916972
-12.136752
-14.390720
-14.997558
-12.916972
-11.009768
-4.941392
-1.647131
-1.647131
-0.346764
-2.253968
-3.467643
-7.021978
-10.142857
-14.130647
-13.523810
-14.477411
-12.830281
-11.356532
-7.195360
-3.207570
5.288156
10.836386
13.350427
14.737485
12.310134
8.929182
4.074481
-1.300366
-3.987790
-6.588523
-6.328449
-8.669109
-8.409035
-8.235653
-5.201465
-1.907204
1.473748
5.374847
7.802198
9.622711
11.876679
12.223443
11.529915
6.501832
3.380952
1.907204
0.346764
-1.213675
0.086691
-1.040293
1.820513
1.213675
4.941392
5.808303
7.888889
9.622711
10.923077
7.715507
3.641026
0.953602
-2.947497
-4.681319
-9.709402
-12.310134
-13.783883
-15.170940
-12.223443
-10.663004
-4.421245
-0.520147
2.687424
4.594628
7.802198
5.028083
0.260073
-4.507937
-8.062271
-12.916972
-15.777778
-17.945055
-14.910867
-14.130647
-10.923077
-7.108669
-2.947497
3.207570
7.628816
10.056166
12.050061
11.616606
8.495726
1.213675
-3.901099
-9.882784
-14.043956
-16.124542
-15.084249
-14.737485
-13.177045
-12.310134
-7.888889
-2.080586
2.687424
5.894994
7.975580
4.334554
1.300366
-3.467643
-8.842491
-11.443223
-12.396825
-13.783883
-12.136752
-8.669109
-2.514042
-0.693529
6.155067
8.148962
10.749695
11.183150
10.663004
9.796093
6.761905
0.520147
-3.727717
-7.021978
-7.888889
-7.195360
-4.074481
1.040293
6.415140
12.483516
18.465201
22.973138
26.527473
27.567766
28.087912
24.793651
20.805861
11.443223
2.427350
-3.727717
-9.275946
-12.743590
-9.536020
-6.328449
-1.993895
0.866911
9.449328
14.304029
14.390720
11.096459
8.582418
1.300366
-4.681319
-10.489621
-16.644689
-19.245421
-21.326007
-23.059829
-21.152625
-19.332112
-13.783883
-8.495726
-5.548230
-0.606838
7.802198
7.021978
7.021978
2.514042
-2.427350
-5.288156
-9.449328
-14.043956
-17.078144
-18.811966
-19.938950
-17.078144
-14.910867
-11.009768
-4.421245
-0.693529
5.028083
7.542125
9.882784
11.183150
8.669109
3.814408
-2.427350
-8.669109
-11.703297
-14.304029
-14.824176
-9.536020
-5.721612
-2.080586
1.300366
2.427350
3.727717
5.548230
2.774115
1.560440
-6.415140
-11.096459
-15.344322
-19.418803
-21.846154
-22.106227
-21.326007
-19.418803
-19.505495
-13.870574
-11.529915
-6.588523
-3.641026
-1.300366
0.953602
0.086691
-5.201465
-6.155067
-6.675214
-7.542125
-5.374847
-5.461538
-3.207570
-1.560440
-0.520147
4.161172
7.628816
9.015873
9.969475
5.981685
1.993895
-0.693529
-5.808303
-11.096459
-13.870574
-16.471306
-15.257631
-10.229548
-7.368742
0.260073
3.727717
5.288156
5.721612
7.802198
6.588523
6.328449
1.993895
-3.727717
-10.056166
-17.424908
-20.979243
-20.979243
-20.719170
-16.818071
-12.743590
-10.316239
-8.755800
-6.068376
-6.068376
-3.120879
-1.907204
-1.300366
-3.814408
-7.282051
-8.929182
-7.628816
-10.836386
-7.282051
-5.721612
0.520147
1.126984
3.554335
2.427350
4.768010
4.854701
5.808303
5.201465
3.987790
0.693529
-1.213675
-3.207570
-1.820513
-2.860806
-0.780220
-0.433455
4.594628
4.247863
8.495726
12.830281
15.777778
15.170940
14.043956
12.483516
8.755800
3.120879
0.346764
-2.860806
-2.340659
-0.953602
-0.260073
0.953602
3.901099
5.721612
6.848596
5.461538
5.808303
4.247863
3.380952
-0.086691
-2.167277
-4.074481
-4.854701
-5.114774
-1.907204
1.733822
6.675214
11.529915
15.951160
17.858364
17.598291
13.350427
10.663004
4.421245
-0.086691
-3.554335
-7.021978
-8.495726
-9.709402
-7.195360
-1.040293
2.340659
10.142857
13.957265
18.811966
19.418803
20.459096
17.338217
13.263736
8.929182
2.514042
-0.346764
-1.993895
-5.288156
-6.675214
-5.461538
-5.028083
-1.213675
2.947497
5.548230
7.888889
9.536020
11.529915
14.217338
15.517705
13.003663
13.610501
8.842491
5.028083
3.294261
-0.260073
1.907204
2.600733
2.687424
4.854701
2.947497
5.028083
6.155067
3.901099
2.514042
1.907204
2.427350
-0.780220
-4.074481
-8.582418
-7.715507
-10.402930
-10.749695
-8.062271
-5.634921
-1.040293
5.201465
5.634921
9.189255
12.310134
10.229548
9.102564
5.461538
0.000000
-2.774115
-6.241758
-5.808303
-5.114774
-2.167277
1.907204
4.594628
7.455433
10.056166
12.223443
15.084249
14.043956
13.350427
10.836386
7.021978
4.594628
3.380952
0.346764
0.520147
-1.733822
0.433455
1.040293
-0.433455
1.820513
3.987790
5.201465
5.201465
4.334554
3.641026
0.433455
-3.380952
-3.120879
-3.207570
-2.947497
-0.953602
0.173382
3.034188
5.721612
5.721612
4.421245
3.727717
1.300366
0.520147
-1.907204
-3.987790
-5.808303
-7.455433
-5.721612
-3.814408
-1.733822
-0.866911
-0.693529
0.953602
3.814408
5.548230
5.201465
2.860806
-0.086691
-6.675214
-7.715507
-8.495726
-8.235653
-5.028083
-3.554335
-1.387057
4.507937
7.282051
11.443223
11.009768
7.628816
4.941392
1.040293
-4.421245
-7.195360
-12.050061
-12.483516
-13.350427
-12.830281
-10.576313
-5.374847
4.681319
11.616606
13.523810
13.697192
11.269841
5.808303
0.780220
-2.167277
-8.148962
-12.483516
-15.344322
-15.864469
-11.876679
-6.675214
-2.167277
3.727717
10.316239
12.916972
17.164835
17.858364
20.372405
17.858364
14.910867
13.263736
10.056166
7.282051
4.681319
3.294261
4.854701
7.368742
11.443223
11.876679
11.876679
12.483516
13.003663
12.136752
8.842491
4.161172
2.860806
-0.173382
-4.074481
-5.981685
-7.021978
-8.062271
-8.842491
-10.142857
-11.096459
-11.096459
-10.663004
-9.969475
-11.529915
-14.650794
-16.731380
-19.938950
-20.199023
-20.025641
-20.025641
-20.632479
-19.418803
-16.818071
-14.130647
-12.396825
-8.148962
-5.461538
-1.907204
-2.600733
-2.860806
-9.015873
-14.390720
-18.725275
-22.539683
-23.926740
-25.747253
-24.706960
