13.426374
7.389011
5.767033
-0.720879
-4.054945
-8.920879
-13.606593
-15.859341
-14.147253
-10.452747
-5.496703
-2.072527
6.397802
11.534066
14.687912
16.580220
18.292308
15.048352
15.228571
9.731868
6.668132
-1.351648
-5.676923
-9.551648
-11.894505
-10.362637
-6.578022
-4.054945
1.712088
5.857143
12.525275
16.400000
20.725275
20.004396
14.868132
10.632967
10.272527
3.243956
0.540659
-6.037363
-9.371429
-11.714286
-10.903297
-10.362637
-8.200000
-6.938462
-3.424176
-1.171429
3.243956
3.694505
6.397802
10.092308
8.920879
7.749451
6.397802
0.810989
-4.415385
-8.470330
-11.083516
-4.685714
-0.630769
-0.901099
1.441758
5.226374
8.470330
9.010989
10.182418
11.263736
12.345055
8.470330
3.784615
1.171429
-2.523077
-5.136264
-7.479121
-9.281319
-10.092308
-11.624176
-8.560440
-4.685714
-3.243956
-1.712088
0.540659
0.991209
-0.540659
-3.334066
-8.109890
-9.731868
-13.967033
-14.958242
-13.696703
-9.101099
-12.254945
-2.793407
-0.810989
5.406593
6.217582
5.767033
2.703297
2.432967
-3.063736
-3.784615
-8.380220
-9.191209
-11.263736
-9.641758
-9.010989
-7.659341
-2.793407
2.342857
3.604396
4.054945
6.758242
9.551648
9.641758
10.092308
7.929670
7.298901
4.235165
0.360440
-1.081319
-0.450549
-1.261538
-2.703297
-3.153846
-0.270330
2.523077
5.136264
7.298901
11.443956
8.650549
9.641758
9.281319
7.929670
4.235165
0.720879
-1.712088
-2.883516
-5.496703
-3.964835
-3.243956
0.991209
3.153846
7.749451
9.191209
10.813187
6.307692
4.505495
-0.270330
-1.712088
-7.028571
-6.848352
-11.263736
-9.101099
-10.813187
-6.307692
-3.334066
2.432967
9.101099
12.525275
14.687912
17.931868
15.949451
13.065934
8.019780
4.685714
-2.703297
-6.938462
-11.263736
-8.650549
-3.784615
-0.090110
-0.090110
5.046154
7.929670
13.065934
15.498901
17.931868
16.219780
16.760440
15.498901
13.967033
8.830769
2.883516
-3.153846
-6.578022
-11.263736
-8.830769
-7.208791
-3.153846
1.982418
6.127473
6.848352
10.723077
8.380220
8.470330
9.281319
12.615385
11.624176
9.551648
6.938462
6.668132
3.874725
3.424176
1.802198
-0.810989
-1.441758
-1.441758
0.901099
1.351648
3.424176
0.540659
5.046154
6.397802
8.019780
9.101099
3.694505
5.316484
-1.261538
-6.848352
-8.830769
-10.002198
-8.109890
-3.334066
-2.342857
-2.613187
-2.523077
-1.261538
0.630769
1.171429
4.054945
2.162637
-5.226374
-6.578022
-9.821978
-13.876923
-12.795604
-12.705495
-12.074725
-10.542857
-8.920879
-6.487912
-3.964835
-1.261538
2.973626
4.956044
4.865934
0.901099
-3.604396
-9.371429
-13.426374
-18.832967
-21.986813
-25.050549
-23.158242
-20.184615
-13.876923
-8.650549
-1.351648
2.613187
6.397802
7.659341
9.101099
6.578022
7.208791
2.162637
-2.342857
-6.217582
-6.668132
-8.650549
-7.839560
-9.281319
-7.659341
-7.389011
-0.901099
2.162637
8.470330
15.048352
19.643956
19.824176
20.274725
16.760440
14.687912
10.632967
10.182418
5.316484
3.153846
0.450549
-0.180220
-4.505495
-2.703297
-1.081319
5.046154
7.028571
8.650549
9.821978
7.298901
1.712088
-1.261538
-5.857143
-3.874725
-6.578022
-7.479121
-7.208791
-7.028571
-8.470330
-5.226374
-1.081319
2.072527
5.586813
7.298901
6.487912
5.316484
1.441758
-0.180220
-4.685714
-8.200000
-9.371429
-11.894505
-10.723077
-7.389011
-5.586813
-1.621978
2.883516
10.182418
12.975824
15.679121
12.345055
9.731868
5.316484
2.703297
2.793407
0.180220
-1.802198
-3.153846
-6.037363
-5.046154
-10.002198
0.901099
5.496703
9.461538
13.336264
14.597802
10.182418
7.479121
1.351648
-5.947253
-9.641758
-12.705495
-16.039560
-13.967033
-8.290110
-1.351648
1.171429
5.226374
9.551648
10.362637
11.083516
6.217582
2.252747
-2.252747
-11.804396
-15.228571
-16.940659
-18.021978
-15.318681
-10.993407
-7.749451
-1.441758
8.560440
13.786813
20.364835
24.780220
24.780220
24.780220
20.815385
15.408791
5.586813
-0.360440
-3.694505
-4.685714
-3.334066
-2.703297
-0.901099
1.892308
4.325275
6.037363
10.632967
12.885714
16.309890
15.769231
15.048352
6.668132
1.892308
-4.415385
-8.920879
-14.237363
-16.219780
-19.824176
-12.705495
-10.452747
-6.037363
1.441758
9.101099
12.615385
13.967033
10.002198
6.578022
2.613187
-3.424176
-10.002198
-11.804396
-17.571429
-17.571429
-17.391209
-11.443956
-5.857143
0.450549
6.127473
8.920879
11.353846
16.219780
14.237363
13.696703
11.443956
4.865934
1.892308
2.162637
2.072527
0.991209
-1.802198
-0.901099
-2.432967
-0.720879
2.342857
4.325275
5.226374
7.028571
3.514286
3.784615
-0.720879
-1.802198
-4.956044
-10.182418
-14.507692
-14.687912
-15.679121
-14.057143
-14.868132
-10.813187
-7.749451
-3.153846
1.982418
5.586813
3.874725
2.973626
-3.604396
-7.298901
-11.534066
-16.219780
-20.094505
-20.635165
-20.995604
-20.454945
-17.751648
-15.498901
-9.912088
-2.613187
4.775824
12.705495
16.940659
20.184615
19.734066
19.824176
15.408791
12.885714
7.749451
6.668132
4.054945
4.054945
-0.090110
0.270330
0.630769
2.883516
5.586813
10.903297
10.182418
10.452747
4.235165
8.109890
5.316484
5.857143
5.226374
3.153846
0.720879
0.630769
0.360440
2.523077
4.415385
3.964835
2.072527
1.171429
1.081319
0.540659
-3.874725
-6.397802
-11.353846
-11.443956
-12.254945
-11.714286
-12.795604
-11.353846
-11.624176
-9.281319
-6.127473
-1.441758
1.531868
4.235165
4.505495
3.964835
0.540659
0.000000
-2.162637
-3.243956
-7.659341
-5.947253
-1.982418
4.595604
5.676923
7.749451
9.461538
13.876923
13.246154
11.894505
6.578022
3.784615
0.810989
-1.802198
-4.054945
-5.226374
-3.874725
0.090110
4.595604
7.118681
8.830769
13.246154
15.408791
16.490110
16.039560
16.129670
11.083516
6.848352
2.613187
0.180220
-3.604396
-6.487912
-8.470330
-4.956044
-0.180220
5.046154
10.542857
16.580220
18.202198
21.626374
19.824176
16.670330
13.786813
8.109890
1.621978
-1.261538
-3.694505
-5.586813
-8.650549
-9.461538
-7.028571
-0.901099
1.892308
4.865934
3.604396
6.578022
6.578022
9.641758
8.920879
9.281319
7.659341
5.496703
3.514286
1.351648
-3.604396
-3.694505
-2.523077
-0.810989
-0.901099
0.810989
0.630769
0.270330
-0.450549
-0.180220
-2.342857
-2.523077
-4.595604
-4.325275
-4.325275
-2.072527
-2.342857
0.180220
0.090110
3.874725
3.063736
6.578022
4.505495
1.261538
-4.865934
-10.002198
-14.778022
-15.769231
-15.679121
-15.048352
-13.876923
-9.191209
-6.578022
-1.261538
2.883516
6.397802
8.830769
9.821978
9.821978
9.461538
5.316484
1.982418
-4.775824
-9.641758
-11.443956
-10.723077
-9.371429
-7.118681
-4.235165
0.000000
4.685714
8.380220
10.632967
10.993407
9.281319
7.208791
0.901099
-3.334066
-7.659341
-9.010989
-9.281319
-5.676923
-4.956044
-3.334066
2.162637
10.092308
16.039560
19.373626
19.553846
14.417582
8.470330
0.180220
-9.010989
-11.804396
-14.778022
-13.156044
-13.516484
-7.839560
-3.243956
3.334066
8.560440
15.318681
24.870330
29.556044
31.268132
25.861538
16.580220
7.208791
-0.810989
-8.200000
-12.525275
-11.894505
-9.731868
-7.208791
-1.982418
5.226374
10.092308
18.562637
21.446154
26.131868
25.140659
26.221978
23.969231
24.059341
18.202198
15.859341
14.778022
15.048352
13.336264
12.615385
12.435165
10.632967
8.109890
6.668132
6.487912
5.316484
2.883516
5.046154
7.929670
9.191209
8.109890
5.316484
6.217582
1.081319
-0.991209
-3.243956
-6.668132
-6.037363
-6.938462
-7.839560
-8.920879
-11.353846
-11.624176
-14.597802
-14.597802
-17.841758
-17.931868
-19.283516
-22.617582
-20.364835
-22.076923
-22.978022
-23.068132
-21.986813
-20.004396
-19.463736
-18.652747
-20.545055
-20.725275
-20.995604
-21.626374
-24.419780
-23.698901
-25.230769
-21.626374
-20.184615
-15.498901
-14.147253
-9.821978
-7.659341
-3.694505
-2.703297
-0.270330
-0.270330
1.081319
-0.540659
-1.621978
-4.865934
-6.578022
-9.641758
-7.659341
-6.127473
-3.784615
-1.712088
0.991209
2.613187
8.380220
10.272527
14.057143
15.318681
13.786813
4.595604
-4.415385
-11.534066
-11.894505
-15.498901
-14.417582
-17.120879
-14.147253
-11.984615
-8.650549
-3.784615
4.054945
8.470330
10.002198
9.191209
9.551648
0.540659
-6.217582
-23.158242
-23.248352
-26.402198
-25.591209
-23.428571
-18.832967
-14.597802
-7.479121
-2.072527
3.604396
2.162637
2.793407
-1.982418
-7.298901
-11.624176
-15.048352
-16.129670
-17.391209
-18.021978
-16.670330
-16.129670
-11.624176
-9.551648
-5.316484
-1.892308
1.802198
0.090110
-0.810989
-4.054945
-4.054945
-6.668132
-2.613187
-2.523077
-0.720879
1.081319
4.505495
7.208791
13.156044
11.894505
14.237363
15.498901
17.120879
14.327473
10.452747
8.109890
2.252747
0.000000
1.441758
4.595604
8.109890
9.191209
13.246154
13.696703
16.670330
19.734066
16.490110
18.382418
19.553846
19.373626
18.292308
16.670330
12.975824
12.615385
12.885714
11.894505
11.173626
11.894505
14.507692
18.832967
19.914286
21.446154
20.725275
19.283516
13.876923
11.263736
9.731868
11.263736
10.542857
12.074725
14.147253
15.589011
18.021978
20.725275
21.716484
23.068132
19.734066
16.400000
9.731868
2.613187
-3.874725
-4.325275
-3.334066
-2.162637
-1.892308
1.712088
4.505495
9.281319
9.551648
9.912088
10.182418
12.164835
13.876923
16.850549
19.553846
19.463736
14.057143
10.452747
4.415385
3.334066
2.973626
1.081319
-0.270330
6.127473
12.345055
17.751648
16.490110
17.481319
16.219780
17.661538
16.940659
16.219780
11.894505
9.010989
4.415385
1.441758
-1.802198
-5.857143
-8.200000
-7.569231
-7.569231
-6.397802
-3.514286
-2.973626
-0.540659
3.784615
8.380220
11.624176
8.650549
6.487912
-1.712088
-5.136264
-12.525275
-14.237363
-18.562637
-19.103297
-19.193407
-16.940659
-12.074725
-3.784615
-2.162637
3.604396
3.964835
5.857143
3.334066
2.252747
-2.613187
-1.712088
-6.037363
-6.307692
-8.109890
-5.226374
-5.406593
-4.685714
-4.054945
-1.712088
-0.090110
0.000000
1.171429
1.621978
0.991209
-0.720879
-2.973626
-3.604396
-4.505495
-7.028571
-6.487912
-6.037363
-5.857143
-3.424176
0.720879
5.767033
8.470330
11.083516
8.470330
3.964835
-2.342857
-6.217582
-10.002198
-11.534066
-12.254945
-12.074725
-11.894505
-10.452747
-6.307692
-1.982418
0.630769
1.892308
3.153846
0.540659
-1.712088
-2.523077
-3.063736
-6.037363
-9.101099
-9.281319
-12.435165
-9.010989
-6.668132
-0.991209
3.604396
7.659341
10.092308
11.263736
10.362637
8.560440
6.127473
1.261538
-1.712088
-4.235165
-7.749451
-6.758242
-5.046154
-6.217582
-3.784615
-1.441758
3.334066
5.136264
9.191209
12.254945
12.525275
9.912088
7.569231
4.505495
1.712088
-2.162637
-6.307692
-9.010989
-8.290110
-7.298901
-7.569231
-4.054945
1.261538
3.063736
6.578022
6.578022
11.804396
10.452747
10.092308
7.118681
3.243956
0.720879
-0.090110
-1.712088
-4.505495
-7.118681
-8.019780
-5.676923
0.991209
5.857143
12.074725
14.327473
15.769231
15.769231
16.129670
13.696703
13.606593
6.487912
-0.360440
-8.470330
-12.074725
-12.795604
-8.740659
-6.217582
-1.351648
-2.793407
-1.261538
-1.982418
0.720879
0.720879
2.432967
-0.991209
-1.171429
-6.938462
-9.731868
-14.417582
-16.219780
-18.832967
-18.472527
-16.219780
-14.327473
-11.443956
-8.380220
-10.092308
-5.136264
-6.217582
7.569231
8.470330
3.784615
0.000000
-7.839560
-15.589011
-18.292308
-21.356044
-20.364835
-19.103297
-16.309890
-15.048352
-11.353846
-11.353846
-9.010989
-6.758242
-2.523077
0.090110
4.325275
4.415385
4.775824
5.316484
4.235165
4.054945
4.054945
4.325275
4.685714
4.685714
10.092308
14.147253
17.030769
17.120879
15.949451
14.057143
9.641758
6.127473
1.171429
-4.775824
-7.749451
-6.848352
-7.028571
-3.784615
4.956044
9.551648
12.435165
14.868132
15.679121
15.408791
5.857143
12.074725
11.714286
10.903297
10.723077
6.487912
4.325275
3.153846
3.243956
5.226374
8.740659
10.002198
11.984615
12.074725
12.435165
11.173626
6.848352
3.334066
-2.162637
-8.470330
-9.641758
-14.147253
-14.958242
-13.426374
-10.903297
-8.920879
-6.938462
-8.560440
-5.676923
-4.415385
-0.630769
0.810989
2.703297
1.441758
1.531868
0.090110
-0.450549
-1.441758
0.991209
2.342857
4.054945
4.415385
5.136264
1.531868
-2.973626
-3.694505
-2.432967
-0.630769
-3.964835
-6.217582
-6.848352
-9.010989
-6.668132
-5.136264
-1.982418
2.883516
8.830769
11.263736
11.353846
9.191209
7.749451
3.514286
2.703297
1.441758
0.000000
-1.081319
-3.153846
-0.540659
0.630769
2.432967
-0.360440
0.360440
5.406593
7.028571
8.920879
9.281319
10.362637
10.182418
6.848352
3.424176
-1.171429
-6.578022
-8.650549
-11.984615
-12.795604
-12.795604
-10.723077
-7.118681
-0.270330
3.784615
5.857143
7.389011
7.929670
8.560440
7.839560
7.028571
4.595604
2.973626
0.450549
-0.810989
-2.162637
-0.810989
2.162637
3.063736
3.694505
2.432967
0.360440
0.901099
2.432967
-1.892308
-4.865934
-11.353846
-13.786813
-18.112088
-21.356044
-24.329670
-24.149451
-22.797802
-20.184615
-11.714286
-3.874725
4.775824
9.461538
17.301099
20.905495
20.995604
17.751648
11.894505
6.127473
0.720879
-2.162637
-2.793407
-3.784615
0.000000
4.145055
9.821978
14.778022
16.580220
17.661538
14.327473
9.281319
4.054945
0.720879
-4.505495
-8.109890
-10.903297
-12.164835
-9.731868
-10.813187
-4.685714
-2.613187
2.162637
5.136264
8.380220
7.749451
9.191209
8.109890
2.973626
-5.406593
-10.542857
-12.975824
-14.597802
-16.760440
-14.057143
-13.786813
-6.938462
-3.514286
1.441758
2.432967
7.389011
5.136264
4.865934
3.063736
4.415385
3.243956
1.892308
-1.261538
-4.145055
-9.641758
-9.912088
-5.586813
0.270330
2.252747
5.406593
2.883516
2.432967
0.450549
-0.540659
-4.595604
-8.650549
-6.758242
-8.740659
-12.885714
-13.246154
-16.940659
-13.426374
-13.065934
-10.182418
-7.118681
-1.982418
1.081319
4.325275
6.487912
11.173626
9.731868
6.037363
1.081319
-0.901099
-1.892308
-1.171429
-3.514286
-3.334066
-2.793407
0.540659
0.991209
4.325275
7.208791
9.912088
7.389011
8.650549
0.180220
-7.118681
-11.624176
-10.452747
-11.353846
-9.461538
-9.191209
-7.028571
-7.929670
-8.019780
-8.200000
-2.072527
1.802198
1.982418
0.270330
0.720879
0.360440
3.604396
-0.450549
-0.991209
-4.775824
-1.531868
-0.090110
1.802198
4.505495
14.868132
20.184615
25.320879
21.356044
16.760440
8.920879
4.235165
1.171429
-1.892308
-3.243956
-1.982418
-0.540659
1.441758
6.397802
8.200000
5.676923
2.432967
5.316484
6.487912
6.848352
10.362637
10.723077
7.839560
3.334066
1.531868
0.450549
-1.531868
-3.784615
-1.621978
-0.720879
4.054945
8.109890
11.263736
15.408791
18.382418
21.175824
20.725275
18.021978
13.516484
6.217582
1.081319
-2.523077
-5.226374
-4.685714
-0.901099
5.496703
9.551648
13.065934
15.679121
16.400000
13.876923
9.821978
5.947253
1.892308
0.180220
-4.145055
-4.595604
-4.956044
-3.243956
-0.630769
3.334066
4.595604
5.767033
10.092308
17.030769
18.202198
11.984615
6.668132
1.351648
-3.874725
-10.632967
-13.336264
-12.975824
-4.956044
2.162637
9.731868
14.057143
14.958242
14.237363
10.723077
6.758242
4.865934
-2.793407
-5.857143
-7.208791
-5.586813
-6.397802
-5.857143
-6.307692
-2.523077
0.090110
0.991209
0.810989
2.162637
1.261538
1.712088
-3.243956
-3.874725
-6.758242
-5.226374
-10.182418
-10.272527
-10.723077
-2.432967
9.010989
11.804396
10.542857
12.435165
3.964835
-1.441758
-5.226374
-1.892308
-1.802198
-0.810989
-6.578022
-5.406593
-3.334066
1.892308
4.325275
5.767033
4.505495
2.252747
-2.252747
-1.441758
-0.720879
-0.630769
-1.351648
-2.883516
-6.668132
-5.136264
-5.046154
-4.325275
-4.505495
-1.621978
2.883516
8.290110
7.839560
6.668132
0.000000
-3.424176
-4.054945
-3.334066
-5.857143
-7.479121
-4.865934
2.162637
0.270330
1.081319
-0.901099
-2.432967
-7.298901
-9.371429
-13.426374
-12.164835
-13.156044
-10.452747
-9.191209
-5.857143
-2.793407
1.351648
4.235165
5.586813
4.415385
3.604396
2.432967
1.621978
3.604396
0.720879
-0.720879
0.000000
4.415385
7.298901
6.307692
7.569231
6.938462
5.316484
0.540659
-2.523077
-13.065934
-7.389011
-10.272527
-10.993407
-6.217582
1.261538
4.685714
5.046154
4.325275
-1.892308
-2.613187
-1.982418
3.694505
4.865934
2.973626
-0.720879
-0.810989
-0.180220
0.901099
2.523077
3.874725
4.415385
3.964835
2.973626
3.964835
3.334066
6.217582
4.595604
5.676923
1.351648
2.523077
8.200000
13.065934
11.804396
12.345055
10.542857
8.109890
4.325275
2.252747
0.000000
-0.901099
-3.424176
-5.857143
-9.821978
-8.740659
-7.659341
-4.235165
-1.441758
2.162637
3.514286
8.740659
7.569231
7.208791
3.784615
2.973626
1.081319
1.982418
-0.720879
1.712088
4.956044
14.417582
15.048352
15.769231
12.435165
14.597802
9.821978
8.830769
4.054945
1.531868
0.540659
0.720879
3.784615
8.019780
7.389011
8.019780
5.586813
5.226374
6.397802
12.525275
10.542857
8.380220
4.685714
5.046154
3.514286
3.514286
-0.630769
-2.883516
-2.342857
-0.720879
0.991209
2.883516
-1.171429
-0.540659
-5.496703
-8.019780
-10.723077
-8.200000
-7.028571
-5.136264
-1.621978
5.046154
3.784615
4.775824
3.153846
3.604396
0.901099
0.991209
-1.081319
0.180220
1.892308
2.793407
1.892308
-1.621978
-2.703297
-0.901099
-1.081319
2.432967
-1.802198
-1.982418
-5.496703
-4.325275
-4.956044
-4.865934
-6.938462
-2.973626
-0.630769
0.540659
0.360440
1.171429
-1.982418
-0.810989
-3.153846
-3.964835
-5.586813
-9.010989
-4.595604
5.406593
8.650549
7.749451
4.415385
2.072527
-0.991209
0.630769
-0.901099
-2.162637
-3.243956
-1.261538
0.090110
2.703297
2.523077
3.514286
-0.180220
-1.351648
-6.758242
-12.435165
-5.496703
-1.531868
-1.802198
-0.180220
-2.523077
-3.604396
-5.857143
-6.037363
-4.685714
-3.334066
-2.523077
-2.252747
-2.613187
1.892308
1.531868
2.072527
-3.964835
-2.973626
-5.947253
-8.109890
-8.920879
-5.857143
-7.749451
-5.947253
-8.470330
-5.676923
-5.136264
-1.531868
-3.604396
-4.685714
-6.307692
-4.595604
-7.118681
-12.435165
-15.228571
-13.606593
-13.065934
-14.147253
-13.426374
-11.984615
-12.705495
-11.984615
-10.813187
-6.668132
-6.397802
-5.676923
-4.865934
-0.991209
0.270330
5.767033
6.127473
6.578022
4.956044
1.531868
1.351648
4.685714
3.514286
4.865934
2.162637
2.072527
1.171429
4.865934
4.505495
3.874725
6.037363
6.397802
4.145055
3.694505
3.153846
6.758242
6.758242
5.857143
3.694505
5.676923
1.982418
-0.901099
-4.235165
-3.604396
-5.947253
-5.767033
-7.298901
-6.578022
-5.857143
-0.901099
2.613187
9.641758
11.714286
14.147253
10.993407
11.353846
10.362637
8.290110
6.578022
5.767033
5.496703
6.217582
5.857143
5.136264
2.883516
2.432967
2.703297
6.397802
6.127473
6.217582
4.054945
5.947253
3.874725
5.406593
5.316484
6.037363
10.182418
10.272527
10.993407
11.714286
10.993407
7.028571
2.703297
-0.810989
-5.136264
-6.578022
-5.046154
-2.703297
-1.081319
0.360440
1.261538
1.171429
0.540659
0.540659
1.531868
1.351648
2.973626
5.947253
7.569231
8.109890
8.650549
2.252747
1.351648
0.810989
2.703297
3.063736
3.424176
1.982418
5.226374
7.479121
4.325275
6.487912
6.578022
6.758242
2.162637
-0.810989
-1.531868
-3.063736
-2.342857
-3.243956
-2.883516
-2.613187
-3.424176
0.090110
2.072527
3.694505
5.947253
5.316484
4.775824
2.252747
4.415385
5.586813
2.432967
0.540659
1.351648
5.496703
6.217582
6.758242
4.865934
2.973626
1.441758
2.523077
1.892308
1.892308
-1.441758
-1.441758
-1.351648
-0.810989
-0.090110
2.883516
4.956044
8.470330
7.389011
5.947253
0.180220
-3.063736
-0.450549
1.261538
0.540659
1.171429
0.901099
1.441758
1.712088
3.964835
3.334066
4.775824
0.810989
-1.712088
-3.063736
-2.523077
-1.802198
3.334066
3.153846
2.252747
2.432967
-1.531868
-6.487912
-6.758242
-6.578022
-7.659341
-7.118681
-5.676923
-6.397802
-13.065934
-4.685714
-5.586813
-3.964835
-4.685714
-2.973626
-3.424176
1.982418
3.694505
6.217582
4.595604
4.685714
3.243956
-0.540659
-3.964835
-5.226374
-5.676923
-3.334066
-0.270330
-0.810989
-6.758242
-9.641758
-11.804396
-13.876923
-14.327473
-15.048352
-12.254945
-10.182418
-5.046154
-3.063736
-1.351648
0.360440
2.793407
2.703297
-1.441758
-2.613187
-6.938462
-8.019780
-8.109890
-7.389011
-7.839560
-5.496703
-5.947253
-6.127473
-5.676923
-4.775824
-2.432967
1.802198
1.621978
2.703297
2.703297
-2.252747
0.540659
1.982418
0.090110
2.883516
3.334066
4.865934
3.694505
5.676923
6.938462
-2.342857
0.450549
-1.261538
-2.072527
-1.261538
-2.252747
1.531868
0.270330
3.874725
4.775824
-0.090110
7.298901
9.010989
6.758242
