-1.744567
-0.459096
-2.754579
2.203663
0.091819
-0.734554
-1.928205
-3.489133
-5.509158
-1.652747
-1.193651
-3.489133
-6.427350
-1.560928
0.826374
-1.010012
-3.121856
-2.479121
-3.213675
-0.091819
-2.387302
-1.928205
-0.734554
0.642735
1.101832
-2.295482
1.377289
-2.662759
-5.050061
-2.295482
-3.948230
-4.315507
-5.141880
-0.275458
-0.459096
-8.171917
-0.550916
-4.315507
-2.295482
-3.121856
-2.754579
-1.285470
-0.367277
0.459096
0.000000
-0.734554
-1.285470
-2.479121
-2.846398
-3.030037
-4.315507
-0.275458
1.469109
2.479121
2.295482
2.387302
1.010012
-0.918193
2.846398
3.213675
1.377289
-3.030037
-2.479121
-1.469109
1.010012
1.010012
3.213675
3.030037
3.305495
4.223687
5.233700
2.203663
-0.367277
-3.948230
-4.223687
-1.928205
2.479121
3.580952
4.590965
2.295482
2.387302
2.203663
5.141880
6.610989
6.427350
3.672772
3.305495
3.121856
4.499145
2.846398
3.580952
2.938217
0.459096
1.469109
3.489133
5.325519
2.846398
2.203663
0.550916
0.091819
2.020024
-0.642735
-3.397314
-4.407326
-3.397314
-1.469109
-1.101832
-2.387302
-0.275458
-1.010012
-2.020024
-5.233700
-8.631013
-5.784615
-5.509158
-3.948230
-5.509158
-1.652747
-0.642735
0.275458
-2.203663
-3.213675
-4.223687
-3.213675
-3.489133
0.459096
-1.652747
-3.948230
-1.560928
0.550916
2.387302
2.387302
-1.836386
0.275458
2.662759
0.734554
-0.091819
0.000000
-1.560928
0.734554
1.744567
1.285470
0.918193
2.387302
1.010012
1.469109
1.285470
-0.459096
0.459096
2.846398
1.193651
0.918193
1.836386
-1.285470
-1.193651
0.275458
2.111844
2.938217
0.000000
-1.928205
-2.387302
-2.570940
-1.101832
-0.367277
-1.101832
0.367277
1.285470
2.387302
0.734554
-3.948230
-0.275458
0.183639
-0.918193
-1.469109
-2.387302
0.918193
5.509158
6.427350
4.407326
1.928205
0.367277
0.091819
0.275458
-0.642735
-2.295482
-1.744567
0.183639
1.836386
2.295482
0.459096
-0.091819
1.101832
-0.275458
-2.846398
-2.203663
-2.662759
-2.295482
-0.367277
-0.367277
-1.652747
1.010012
1.377289
-0.642735
-1.101832
-1.836386
-2.754579
-4.040049
-4.131868
-3.764591
-4.866422
-2.938217
-4.499145
-1.010012
-1.560928
-1.469109
-1.560928
-1.469109
-3.397314
-3.489133
-2.387302
-1.469109
0.642735
-0.459096
-2.111844
-1.744567
-3.030037
0.918193
2.020024
0.000000
0.826374
1.010012
0.550916
0.183639
0.183639
-0.367277
0.091819
-0.091819
-2.295482
-0.826374
-1.285470
-1.560928
1.560928
-1.469109
2.846398
1.285470
-0.826374
-1.836386
-0.183639
1.744567
4.774603
4.223687
3.213675
5.325519
4.040049
1.928205
5.600977
5.876435
4.315507
2.662759
3.397314
6.427350
7.804640
4.223687
4.223687
4.590965
5.233700
3.213675
5.968254
5.968254
5.692796
5.509158
3.580952
6.794628
7.529182
8.814652
8.631013
8.263736
7.345543
5.968254
4.958242
5.876435
6.060073
5.876435
6.794628
9.090110
8.722833
7.988278
6.151893
7.161905
8.171917
8.263736
6.610989
4.499145
3.764591
4.774603
2.754579
7.529182
5.692796
2.387302
0.183639
1.010012
-1.010012
3.213675
2.387302
0.183639
6.519170
7.253724
4.866422
4.590965
3.121856
3.489133
2.479121
5.692796
5.233700
4.958242
2.295482
5.141880
7.070085
5.509158
2.754579
1.377289
1.285470
0.734554
0.826374
7.070085
6.243712
3.213675
4.590965
4.040049
2.754579
4.223687
5.968254
2.295482
0.918193
-2.479121
1.377289
3.856410
4.131868
6.794628
2.387302
-1.101832
0.183639
0.000000
-1.101832
-3.121856
-5.417338
-2.203663
1.285470
1.101832
0.550916
-0.367277
-2.479121
3.489133
1.744567
0.734554
2.387302
1.744567
1.652747
2.479121
4.866422
3.213675
1.377289
0.734554
0.459096
-1.377289
1.836386
4.590965
4.774603
4.682784
5.417338
3.948230
4.040049
4.223687
4.958242
5.141880
4.223687
2.020024
3.305495
1.560928
0.550916
5.876435
6.886447
4.407326
2.479121
3.030037
-0.183639
4.682784
1.469109
2.938217
4.223687
5.141880
6.427350
5.876435
3.305495
4.590965
2.570940
0.091819
-1.469109
-2.846398
-1.928205
-0.275458
-1.101832
-1.010012
0.183639
-1.744567
-0.183639
-0.459096
-1.101832
-1.928205
-4.774603
-7.345543
-2.662759
-3.121856
-1.744567
-3.213675
-4.407326
-3.948230
-4.223687
-11.293773
-6.610989
-3.764591
-3.305495
-1.469109
-3.764591
-8.906471
-2.938217
-3.489133
-1.652747
-0.183639
-2.570940
-0.367277
-0.642735
0.183639
-1.560928
-3.121856
-2.295482
-0.550916
-1.377289
-1.744567
-1.928205
0.642735
-2.111844
-4.131868
-1.377289
-3.764591
-5.692796
-2.020024
-1.560928
-2.203663
-2.111844
1.928205
2.020024
2.203663
3.030037
1.560928
2.295482
1.010012
0.183639
-1.101832
-1.285470
-0.550916
0.000000
-0.091819
0.826374
1.744567
0.550916
2.754579
4.131868
4.040049
1.928205
0.000000
-0.275458
1.010012
3.121856
2.111844
3.213675
3.580952
4.315507
3.397314
6.519170
4.682784
6.060073
5.876435
4.958242
5.600977
6.794628
3.489133
2.295482
4.407326
3.397314
2.387302
2.387302
4.131868
3.305495
8.171917
4.499145
4.315507
1.377289
-1.377289
-0.918193
-1.744567
-1.377289
-0.826374
0.826374
1.377289
1.101832
1.193651
-0.642735
0.367277
-9.181929
-4.223687
-2.570940
-3.764591
-5.509158
-6.060073
-4.499145
-2.662759
-2.203663
-3.030037
-2.387302
-2.479121
-3.672772
-4.315507
-4.866422
-3.397314
-1.193651
0.000000
-1.652747
-0.459096
0.459096
-2.020024
0.275458
-0.734554
0.091819
0.550916
-2.020024
-3.030037
-2.203663
-2.111844
-1.928205
-1.285470
-1.377289
-2.938217
-2.479121
-2.754579
-6.978266
-2.938217
-3.121856
-0.091819
1.377289
1.285470
0.459096
0.000000
-0.183639
-3.305495
-1.101832
-2.846398
-1.744567
0.275458
1.193651
2.387302
3.213675
1.101832
2.295482
1.928205
1.101832
1.377289
1.836386
4.407326
2.479121
3.121856
1.652747
0.642735
0.826374
4.407326
4.131868
3.580952
2.846398
3.213675
3.305495
2.387302
3.764591
4.682784
3.489133
5.876435
5.968254
6.060073
5.968254
4.499145
4.866422
3.948230
3.305495
1.744567
3.030037
2.020024
3.121856
3.030037
3.489133
4.131868
1.928205
2.295482
0.183639
-1.010012
-1.652747
-3.397314
0.091819
0.367277
4.958242
1.469109
4.040049
0.000000
-0.550916
-2.111844
-2.846398
-0.826374
-0.826374
-1.560928
-1.836386
0.091819
1.744567
1.377289
1.469109
0.550916
1.560928
0.091819
2.754579
2.203663
1.744567
3.305495
4.223687
1.193651
-1.010012
0.000000
2.938217
5.233700
1.928205
0.183639
-0.367277
2.570940
4.131868
2.938217
-4.866422
4.131868
3.764591
2.295482
0.734554
-1.469109
-2.203663
-0.826374
3.489133
6.427350
6.702808
5.509158
2.111844
-0.091819
-1.560928
0.918193
0.459096
0.826374
-0.459096
0.734554
5.509158
6.151893
5.968254
3.305495
1.652747
1.469109
2.662759
2.662759
2.846398
3.948230
2.203663
3.030037
4.590965
7.253724
7.161905
4.407326
6.427350
4.774603
4.131868
4.866422
3.948230
6.519170
7.070085
7.988278
6.060073
6.702808
5.509158
4.682784
6.610989
7.988278
5.968254
2.020024
1.560928
4.499145
3.397314
2.387302
-0.459096
-1.285470
-0.918193
-1.010012
1.469109
-0.183639
1.285470
2.479121
1.101832
-2.111844
-2.295482
-3.121856
-1.285470
-1.285470
-1.836386
-2.938217
-0.183639
0.183639
-1.193651
-6.978266
-1.744567
-3.121856
-2.020024
-2.846398
-2.754579
-2.570940
0.091819
2.295482
2.295482
0.459096
-3.397314
0.734554
-4.866422
-1.193651
-4.958242
-2.479121
-1.560928
1.928205
2.570940
0.826374
-5.784615
-5.325519
-0.918193
-5.968254
-0.918193
-3.305495
-3.030037
-3.764591
-2.111844
-1.744567
-1.928205
-2.479121
-3.856410
-4.223687
-3.121856
-1.285470
-0.734554
0.367277
-1.469109
0.734554
0.826374
1.285470
1.377289
1.469109
0.642735
0.459096
-0.091819
-1.744567
-0.826374
0.826374
1.560928
-0.183639
2.020024
0.275458
1.928205
3.121856
2.479121
1.010012
-2.203663
1.652747
0.275458
1.101832
4.590965
4.131868
2.938217
3.764591
3.580952
0.826374
3.305495
3.489133
4.040049
5.050061
3.030037
3.121856
4.774603
5.050061
5.233700
4.682784
2.570940
1.469109
1.010012
1.744567
-0.459096
0.367277
-0.183639
0.275458
3.213675
0.367277
-0.275458
-0.642735
-1.928205
-3.397314
-1.836386
-4.407326
-4.682784
-3.948230
-2.387302
-1.928205
-3.121856
-2.938217
-3.948230
-2.203663
-3.305495
0.000000
-2.387302
-1.652747
0.550916
-0.091819
-0.826374
-1.285470
-0.918193
1.560928
-1.010012
-1.101832
-0.275458
-3.030037
1.377289
1.836386
0.918193
1.836386
0.642735
1.469109
1.285470
-0.826374
-3.856410
-1.652747
-1.744567
-0.550916
-0.918193
-0.918193
0.550916
-1.744567
-1.928205
0.367277
1.010012
2.754579
2.938217
2.662759
1.010012
-0.826374
-2.295482
-2.387302
-8.906471
1.010012
1.285470
1.101832
1.101832
1.560928
3.305495
1.285470
1.560928
1.377289
2.387302
1.928205
2.111844
1.836386
3.948230
3.213675
2.295482
4.407326
4.590965
6.335531
5.417338
3.764591
5.141880
4.315507
4.315507
3.305495
4.682784
3.672772
3.856410
3.856410
3.121856
3.672772
3.305495
1.652747
0.183639
1.101832
-0.275458
0.000000
1.285470
-1.010012
3.489133
4.958242
3.213675
4.499145
3.305495
3.305495
3.948230
1.928205
0.826374
0.550916
-0.183639
1.377289
0.275458
1.836386
3.489133
3.030037
4.040049
3.121856
1.469109
2.111844
0.918193
-0.275458
-0.918193
-1.652747
1.010012
2.846398
2.938217
2.479121
3.121856
1.101832
1.836386
2.570940
2.295482
-0.550916
-2.570940
-0.734554
-1.101832
-2.203663
-4.040049
-2.570940
-1.193651
-0.275458
-0.459096
-2.203663
-2.754579
-3.030037
-3.672772
-4.040049
-4.131868
-1.101832
0.734554
1.652747
0.091819
0.183639
0.091819
1.285470
0.642735
0.459096
0.183639
2.387302
2.479121
1.193651
1.469109
0.642735
1.101832
1.377289
2.020024
2.846398
1.469109
2.662759
2.938217
1.744567
2.111844
2.020024
1.285470
-0.459096
3.580952
4.131868
3.489133
3.213675
4.407326
6.335531
5.600977
5.600977
4.682784
3.856410
2.846398
4.223687
3.672772
3.764591
4.958242
6.610989
8.631013
8.631013
6.519170
3.948230
3.489133
5.050061
3.672772
2.203663
3.397314
4.040049
4.223687
2.938217
1.193651
2.570940
2.387302
1.101832
0.367277
-0.734554
-1.560928
-0.918193
2.754579
4.958242
0.091819
-2.020024
-2.479121
-0.367277
-1.560928
-3.672772
-3.948230
-2.203663
-0.183639
0.183639
0.091819
-0.826374
-1.193651
-0.459096
0.918193
0.918193
0.734554
-1.193651
-1.744567
-1.836386
-0.459096
0.459096
1.010012
-0.734554
-1.285470
-1.744567
-1.101832
-0.918193
0.091819
1.469109
-1.469109
-3.672772
-3.030037
-4.223687
-5.509158
-1.101832
-0.642735
1.836386
2.479121
5.325519
4.774603
2.295482
0.550916
2.938217
2.570940
2.846398
0.826374
1.193651
4.682784
6.427350
4.774603
2.479121
0.918193
-0.091819
-1.928205
0.367277
3.213675
3.856410
5.141880
6.886447
5.876435
6.978266
3.030037
6.978266
5.050061
6.335531
6.978266
5.692796
6.427350
5.233700
7.529182
8.447375
7.804640
4.590965
6.151893
5.417338
5.325519
5.784615
3.948230
5.968254
4.315507
2.846398
8.263736
5.509158
3.305495
1.928205
-1.744567
-1.193651
-1.469109
-0.459096
1.928205
1.652747
0.275458
3.397314
2.295482
1.928205
0.734554
-1.560928
-2.295482
-3.672772
-5.141880
-2.754579
-1.652747
-0.826374
-0.091819
-1.010012
-1.285470
-0.091819
-3.121856
-3.305495
-5.325519
-5.600977
-6.519170
-4.407326
-1.652747
0.275458
0.550916
1.836386
-1.101832
-2.111844
-2.295482
-3.305495
-2.938217
-1.101832
-1.010012
-1.836386
0.091819
1.469109
1.836386
1.469109
-1.560928
-3.305495
-3.489133
-3.489133
-4.315507
-3.856410
-4.774603
-0.734554
1.652747
2.938217
2.387302
3.948230
3.305495
-0.367277
2.662759
0.367277
2.754579
3.764591
2.111844
3.580952
2.938217
2.295482
0.183639
0.275458
-2.846398
-2.570940
-0.918193
-0.091819
1.836386
2.846398
4.866422
2.570940
6.702808
6.702808
4.590965
3.580952
1.010012
4.774603
3.948230
2.020024
3.030037
5.876435
5.784615
7.161905
6.886447
2.846398
6.060073
3.489133
3.397314
1.744567
4.499145
2.111844
3.580952
4.866422
6.978266
4.407326
2.479121
0.918193
-0.550916
0.918193
-0.826374
-0.918193
2.020024
-1.928205
0.000000
0.275458
-2.570940
-3.305495
-0.459096
-2.295482
-3.672772
-2.570940
-3.489133
-4.040049
0.275458
-1.285470
-0.550916
-0.091819
-1.101832
-1.652747
-2.846398
-4.040049
-4.040049
-1.652747
-0.826374
-0.183639
1.193651
-0.459096
0.183639
-0.918193
-3.030037
-2.387302
-4.315507
-4.407326
-2.570940
-1.652747
-3.397314
-2.020024
-7.621001
-1.377289
-1.285470
-3.030037
-1.652747
-3.397314
-1.744567
-1.560928
-0.734554
2.111844
3.305495
3.305495
0.826374
-0.918193
-2.479121
-5.141880
-0.459096
0.642735
1.101832
6.243712
6.335531
3.856410
0.275458
-2.020024
-1.928205
-1.928205
0.091819
-0.091819
-1.744567
1.836386
3.948230
2.203663
2.570940
3.305495
2.295482
1.560928
1.744567
1.377289
1.652747
2.295482
2.570940
4.499145
5.325519
6.060073
5.692796
4.040049
1.744567
1.560928
-0.183639
-0.459096
-0.183639
2.662759
5.050061
5.050061
4.040049
2.662759
1.928205
0.183639
-0.826374
-1.010012
-3.948230
-2.662759
1.560928
1.101832
4.315507
3.030037
1.377289
0.367277
-1.560928
-3.580952
-1.377289
0.275458
-0.826374
-0.734554
-1.285470
-1.469109
-2.020024
-1.285470
-2.846398
-1.010012
-0.918193
-1.928205
-0.642735
-0.183639
-2.111844
-1.652747
-0.826374
0.091819
1.652747
1.285470
1.010012
-0.826374
1.285470
0.918193
0.091819
1.469109
3.764591
2.387302
1.744567
0.734554
-0.183639
-0.826374
1.193651
1.193651
-0.091819
-1.652747
-0.183639
1.744567
2.111844
2.754579
3.489133
4.774603
3.764591
2.846398
3.764591
3.030037
4.131868
5.050061
4.131868
3.580952
2.754579
3.030037
1.652747
0.918193
0.734554
-7.345543
1.469109
0.459096
-0.183639
0.918193
1.744567
2.846398
2.479121
1.652747
4.315507
5.600977
5.509158
5.233700
4.958242
5.050061
7.345543
7.529182
7.712821
7.712821
3.764591
4.407326
4.315507
3.856410
3.672772
3.213675
2.662759
4.315507
5.141880
3.672772
3.580952
2.570940
0.826374
-0.642735
-2.111844
-1.193651
-0.826374
0.734554
1.744567
2.846398
2.203663
2.387302
1.101832
-1.469109
-1.836386
-2.387302
-3.030037
-0.918193
1.377289
2.479121
5.050061
4.223687
4.774603
1.193651
-1.744567
-4.590965
-4.407326
-3.672772
-2.111844
2.295482
4.682784
4.499145
2.754579
1.560928
1.101832
0.550916
0.550916
-1.010012
0.000000
1.469109
3.121856
5.876435
3.764591
1.928205
-0.367277
-0.734554
-4.040049
-4.774603
-4.040049
-1.010012
-0.367277
2.111844
1.836386
2.479121
1.377289
0.183639
-2.203663
-1.101832
-0.550916
0.642735
1.652747
0.826374
1.010012
1.010012
1.560928
1.560928
-0.367277
-2.662759
-2.846398
-2.479121
-0.091819
0.918193
0.826374
5.141880
6.243712
4.499145
3.856410
2.295482
0.918193
1.285470
3.305495
3.213675
3.489133
4.682784
1.836386
3.580952
3.672772
2.846398
2.754579
1.377289
2.111844
1.193651
2.111844
2.754579
4.958242
4.223687
2.570940
2.570940
2.111844
1.377289
-0.275458
-0.367277
1.285470
1.285470
-1.193651
-1.469109
-1.285470
1.193651
0.275458
-2.020024
0.459096
1.285470
-0.826374
-1.469109
-2.846398
-3.580952
-2.479121
-2.111844
-0.091819
2.020024
2.754579
2.387302
0.826374
-2.938217
-5.509158
-6.151893
-6.519170
-5.325519
-5.509158
-5.050061
-1.010012
0.275458
0.275458
1.101832
-1.193651
0.091819
-2.111844
-4.040049
-3.672772
-3.305495
-1.560928
-1.652747
-1.469109
-1.836386
-1.377289
-2.570940
-2.020024
-1.836386
-1.652747
0.091819
1.652747
0.459096
2.020024
1.744567
-0.275458
-0.642735
0.183639
1.193651
0.918193
0.091819
3.030037
2.203663
2.111844
1.469109
-0.550916
-1.928205
0.550916
-1.928205
-1.744567
-2.020024
-1.010012
-0.918193
-0.459096
3.672772
2.662759
-0.550916
1.010012
0.091819
-0.091819
1.010012
2.570940
4.590965
5.050061
4.774603
6.610989
7.529182
6.978266
4.866422
3.948230
7.345543
7.621001
4.958242
5.692796
2.662759
2.479121
1.836386
1.652747
0.459096
1.193651
0.826374
1.469109
-1.285470
0.642735
-2.020024
-2.570940
-2.387302
-2.662759
-2.203663
-3.672772
-4.774603
-3.305495
-1.836386
-2.203663
-2.570940
-0.459096
-1.836386
0.183639
-2.295482
-1.285470
-2.846398
-2.754579
-1.744567
-2.203663
-2.111844
-2.479121
-2.111844
-1.285470
1.652747
3.397314
-0.183639
-0.275458
-0.642735
0.367277
1.652747
-0.183639
0.550916
1.744567
2.020024
3.213675
3.121856
1.836386
3.213675
-0.091819
0.275458
-0.826374
2.203663
1.010012
-0.826374
0.918193
1.010012
2.020024
3.580952
3.213675
2.111844
2.570940
3.397314
2.938217
4.131868
4.774603
5.325519
3.948230
2.479121
1.836386
3.580952
3.213675
1.193651
0.826374
1.010012
3.580952
5.325519
6.702808
8.631013
9.824664
9.824664
6.886447
3.397314
2.020024
4.590965
5.233700
5.784615
7.253724
6.702808
5.784615
10.467399
8.722833
5.600977
3.672772
3.030037
4.040049
7.437363
9.365568
1.285470
10.834676
10.191941
8.447375
5.600977
3.213675
3.121856
3.397314
3.672772
3.213675
3.580952
3.856410
4.223687
0.550916
-2.662759
-3.489133
-1.744567
0.000000
0.734554
0.918193
-1.560928
2.111844
2.387302
1.744567
2.570940
-1.285470
-2.570940
-1.836386
-2.846398
-0.918193
-1.469109
-0.367277
-1.101832
3.948230
1.744567
4.223687
1.101832
1.836386
-1.010012
-2.387302
-2.387302
-0.275458
0.091819
1.928205
3.030037
4.682784
2.938217
2.295482
1.652747
-0.367277
-1.560928
-1.010012
1.101832
1.560928
0.275458
1.010012
3.030037
4.040049
3.213675
3.580952
3.764591
3.580952
3.121856
0.550916
2.938217
2.662759
3.121856
3.948230
3.121856
1.010012
-1.652747
-3.030037
-5.325519
-0.734554
-0.826374
-1.101832
-0.459096
1.377289
0.550916
2.387302
4.131868
1.560928
2.111844
-0.642735
0.918193
2.387302
4.958242
4.040049
6.243712
7.988278
8.171917
5.600977
2.754579
4.590965
4.407326
5.784615
5.141880
4.315507
4.682784
5.417338
7.253724
5.233700
2.938217
0.091819
-0.183639
-2.754579
-1.377289
-1.560928
-0.734554
-0.734554
-0.091819
-2.570940
-4.131868
-6.610989
-5.876435
-4.958242
-5.325519
-3.397314
-3.213675
-2.570940
-4.958242
-5.876435
-4.774603
-5.417338
-4.499145
-6.060073
-4.315507
-3.121856
-3.121856
-2.662759
-2.938217
-3.948230
-4.590965
-4.958242
-4.774603
-5.050061
-5.600977
-5.417338
-3.580952
-0.642735
2.662759
2.662759
1.377289
2.479121
1.285470
-1.560928
-2.295482
-3.121856
-5.692796
-4.682784
-4.590965
-2.938217
-3.580952
-4.407326
-2.754579
-4.040049
-4.958242
-5.600977
-7.253724
-6.151893
-2.846398
1.193651
0.734554
-0.367277
-1.836386
-1.193651
-0.275458
-1.193651
-2.387302
-3.580952
-3.764591
-1.010012
0.091819
0.826374
-1.285470
-3.489133
-3.121856
-0.642735
0.642735
0.000000
-0.275458
0.275458
0.183639
2.570940
3.030037
3.764591
2.570940
3.121856
3.489133
3.305495
1.377289
0.000000
-0.550916
2.570940
4.774603
4.590965
1.744567
1.652747
3.489133
7.161905
8.906471
7.070085
2.387302
3.030037
4.590965
5.509158
-0.918193
2.479121
1.560928
3.856410
3.764591
3.580952
2.570940
2.203663
1.836386
1.285470
-0.826374
-3.580952
-2.662759
0.826374
2.295482
1.928205
-0.275458
-1.285470
-0.642735
0.367277
-0.826374
0.918193
-1.101832
-1.928205
-4.407326
-4.040049
-2.938217
-1.010012
-0.091819
0.091819
-1.285470
-2.111844
-1.744567
-3.121856
-2.754579
-1.469109
-0.367277
0.091819
1.560928
0.918193
0.642735
3.397314
2.754579
1.469109
-0.734554
-0.826374
0.918193
2.111844
3.397314
4.223687
3.856410
3.580952
2.846398
0.826374
0.826374
0.367277
1.285470
1.377289
2.020024
3.305495
4.958242
8.447375
7.161905
4.315507
2.846398
1.101832
1.193651
-0.918193
-1.744567
0.918193
2.754579
6.519170
10.742857
11.110134
10.834676
8.906471
4.407326
2.938217
4.407326
5.050061
4.590965
3.397314
5.050061
6.794628
11.569231
10.742857
9.732845
7.070085
6.519170
3.121856
2.387302
3.580952
5.784615
7.988278
9.090110
10.926496
8.631013
6.978266
4.315507
4.040049
1.010012
-0.459096
-1.469109
-1.469109
2.111844
8.171917
8.080098
5.692796
