-0.091819
0.459096
0.642735
-1.285470
-2.479121
-2.203663
-3.580952
-1.193651
-0.367277
-1.652747
-2.020024
-3.672772
-1.193651
-1.285470
-1.101832
-2.111844
-2.846398
-1.652747
-2.203663
-1.469109
-1.010012
1.193651
-1.377289
-2.479121
0.459096
-0.183639
-0.642735
-2.203663
-4.315507
-2.570940
-2.295482
-4.040049
1.836386
2.846398
2.295482
1.744567
0.091819
0.642735
0.275458
-1.377289
-0.550916
-0.734554
-0.459096
0.367277
4.040049
3.580952
1.193651
-0.918193
-1.560928
-0.459096
0.550916
0.183639
2.111844
1.652747
5.233700
4.315507
4.315507
1.285470
0.091819
-1.010012
-1.377289
-0.367277
0.091819
1.010012
2.570940
4.315507
1.652747
-0.642735
-2.754579
-3.305495
-5.233700
-4.499145
-2.754579
0.091819
2.846398
2.479121
5.417338
7.345543
5.417338
3.856410
2.203663
1.836386
3.489133
3.580952
5.417338
5.968254
5.876435
7.161905
5.050061
3.397314
2.020024
2.111844
0.367277
1.560928
4.407326
4.131868
4.958242
5.692796
6.427350
6.243712
5.233700
4.223687
0.918193
-0.642735
-0.091819
0.459096
-0.642735
-1.377289
-0.459096
0.183639
0.000000
-1.010012
-2.295482
-2.846398
-3.305495
-3.030037
-3.397314
-3.121856
-1.469109
-0.642735
-1.560928
0.183639
-0.734554
-1.836386
-4.682784
-4.040049
-4.774603
-3.764591
0.183639
-0.459096
-0.091819
0.550916
-1.193651
0.000000
2.111844
-0.091819
-3.397314
-3.580952
-2.938217
-3.030037
0.091819
0.642735
0.918193
0.367277
-0.550916
-0.826374
-0.642735
-2.203663
-0.826374
0.734554
0.734554
0.826374
2.387302
1.928205
1.652747
1.010012
0.734554
1.377289
4.774603
3.856410
6.519170
5.417338
5.509158
4.590965
1.836386
0.459096
1.010012
3.397314
6.335531
6.794628
11.385592
9.181929
10.008303
8.722833
8.263736
6.610989
3.121856
2.479121
2.570940
2.570940
4.866422
6.335531
7.437363
8.171917
7.621001
7.529182
6.427350
3.856410
0.642735
0.459096
1.744567
3.397314
6.335531
7.161905
4.866422
3.580952
1.377289
-1.193651
-0.183639
0.091819
-0.459096
-0.918193
-2.203663
0.918193
4.499145
6.243712
6.335531
5.784615
3.764591
1.560928
2.203663
1.652747
1.560928
-1.469109
-4.131868
3.030037
2.846398
1.744567
3.489133
4.499145
1.652747
-0.918193
0.459096
-0.091819
1.469109
1.928205
0.826374
1.193651
2.387302
1.469109
-0.367277
-1.928205
-3.580952
-2.662759
1.377289
4.223687
6.702808
6.335531
3.305495
1.101832
-2.295482
-3.121856
-2.754579
-0.642735
-0.367277
-2.295482
1.101832
3.489133
4.499145
2.295482
-0.367277
-1.010012
-1.652747
-2.387302
0.918193
0.550916
5.050061
9.090110
9.273748
7.253724
3.213675
-1.469109
-3.948230
-4.407326
-2.846398
-1.285470
2.203663
4.866422
8.263736
10.742857
10.375580
9.273748
5.050061
1.652747
0.367277
0.091819
0.826374
2.662759
5.876435
11.477411
10.834676
8.998291
5.876435
6.335531
5.600977
1.010012
2.938217
4.315507
5.968254
6.151893
7.437363
7.988278
5.968254
5.876435
5.692796
3.672772
4.682784
4.499145
4.223687
4.040049
3.764591
2.387302
5.417338
2.754579
0.918193
-0.275458
-1.469109
-3.580952
-3.764591
-4.590965
-5.050061
-4.407326
-2.570940
-1.285470
0.550916
-0.183639
-1.836386
-2.387302
-1.101832
-3.213675
-5.325519
-5.050061
-4.499145
-3.948230
-1.652747
1.285470
0.642735
2.662759
-0.642735
0.826374
0.734554
-0.918193
-0.183639
1.377289
2.479121
3.397314
0.826374
-0.642735
-0.734554
-1.010012
-0.734554
-0.459096
-2.203663
-1.377289
0.459096
0.367277
-1.193651
-2.387302
-1.652747
-3.305495
-3.305495
-3.305495
-1.010012
-1.010012
-0.183639
0.091819
4.223687
5.141880
3.580952
0.091819
-1.652747
-1.560928
-1.836386
-3.580952
-2.662759
-1.193651
1.010012
6.060073
8.355556
9.732845
7.621001
6.151893
6.610989
5.325519
4.682784
5.050061
4.407326
4.682784
6.427350
7.988278
8.722833
5.784615
3.030037
2.111844
1.285470
0.642735
0.275458
1.469109
2.570940
3.764591
4.682784
2.203663
1.193651
1.285470
-0.367277
0.000000
0.275458
-1.744567
-2.020024
-2.203663
0.734554
2.570940
1.652747
-0.459096
-0.459096
-2.754579
-1.560928
-2.387302
-0.275458
-0.826374
0.367277
-1.560928
-1.469109
-1.836386
-4.223687
-6.060073
-3.856410
-4.499145
-4.223687
-3.672772
-4.407326
-3.030037
-3.489133
-1.836386
-2.479121
-4.958242
-4.866422
-2.662759
-4.315507
-5.050061
-4.040049
-1.928205
-1.836386
-0.091819
1.377289
0.918193
-0.459096
-1.377289
-2.754579
-2.570940
-2.111844
-2.938217
-2.846398
-6.151893
-8.814652
-3.764591
-3.489133
-1.101832
0.550916
0.459096
-0.091819
-0.826374
-1.010012
-1.744567
0.183639
-0.367277
1.377289
1.469109
0.000000
1.010012
-1.010012
-1.193651
-1.560928
-2.020024
-1.560928
-1.010012
0.918193
3.121856
1.285470
2.020024
1.010012
1.836386
-3.121856
3.856410
4.682784
7.621001
7.161905
8.355556
8.631013
7.529182
7.161905
5.417338
4.958242
3.948230
2.662759
3.213675
3.397314
6.060073
4.958242
3.672772
3.948230
3.580952
1.836386
1.010012
0.642735
-0.642735
-0.275458
0.091819
0.918193
0.091819
-0.550916
-2.111844
-2.203663
-1.377289
-1.836386
-3.305495
-1.560928
-1.285470
-2.020024
-1.560928
-3.948230
-6.151893
-5.876435
-6.702808
-6.886447
-4.774603
-3.397314
-2.387302
-3.397314
-1.652747
-1.928205
-2.846398
-3.764591
-4.040049
-5.600977
-4.407326
-4.407326
-2.662759
-2.295482
0.183639
-0.459096
0.091819
0.000000
0.275458
-0.183639
-2.846398
-5.141880
-2.570940
-1.469109
-3.030037
-3.305495
-3.030037
-2.754579
-0.734554
-1.377289
0.459096
-3.580952
-4.590965
-6.335531
-6.243712
-4.958242
-2.387302
-0.550916
1.652747
1.744567
3.121856
2.846398
3.121856
3.121856
1.377289
1.652747
0.275458
-1.377289
-1.285470
-1.377289
-0.091819
1.101832
2.662759
4.590965
4.223687
4.590965
5.692796
3.397314
2.111844
3.305495
3.030037
4.499145
6.519170
5.233700
4.499145
2.203663
5.233700
4.590965
5.876435
4.131868
4.958242
5.050061
5.325519
4.866422
-5.233700
3.213675
4.774603
1.010012
5.233700
4.315507
5.325519
4.407326
4.682784
5.509158
5.692796
4.223687
3.030037
0.459096
0.367277
0.183639
2.111844
3.213675
1.928205
2.203663
0.918193
2.203663
-0.183639
-0.826374
-0.826374
-0.367277
-0.367277
0.275458
2.203663
0.183639
-0.459096
-0.367277
0.826374
1.652747
1.285470
0.642735
1.928205
1.285470
0.275458
1.928205
2.020024
1.560928
0.183639
-0.734554
-0.275458
0.275458
2.295482
5.325519
4.590965
3.672772
3.121856
0.275458
0.275458
0.000000
-0.918193
-3.489133
-2.754579
-0.826374
3.030037
4.866422
5.325519
5.509158
6.060073
6.151893
4.040049
3.489133
3.489133
5.233700
5.325519
5.876435
4.590965
5.876435
6.519170
4.774603
4.315507
0.367277
0.550916
0.550916
3.030037
3.213675
2.938217
4.223687
4.499145
4.223687
4.499145
4.223687
4.223687
4.223687
5.417338
3.948230
6.610989
8.722833
6.702808
7.804640
6.151893
5.692796
4.223687
3.672772
5.417338
4.499145
6.610989
8.539194
8.722833
10.191941
9.824664
7.161905
6.519170
4.682784
3.030037
3.305495
2.295482
0.734554
2.295482
2.020024
2.846398
1.285470
1.469109
0.826374
2.846398
0.550916
0.459096
-2.662759
-1.193651
0.275458
-9.273748
0.918193
-0.550916
0.367277
0.000000
-2.203663
-2.020024
-1.193651
0.091819
0.275458
1.928205
2.754579
3.305495
2.020024
1.010012
0.734554
1.010012
0.459096
0.183639
0.550916
-0.367277
-1.285470
-0.459096
-1.652747
-1.928205
-2.570940
-1.652747
-1.010012
-0.734554
-2.111844
-3.305495
-2.662759
-2.387302
-1.377289
-8.447375
-2.754579
-0.642735
-0.550916
0.459096
0.826374
0.550916
0.000000
1.010012
0.091819
0.183639
-2.387302
-2.111844
-0.367277
3.030037
4.315507
4.590965
3.948230
2.020024
1.469109
4.590965
7.253724
7.161905
7.161905
8.447375
6.702808
6.519170
4.682784
3.489133
2.203663
1.652747
3.030037
4.131868
5.325519
5.692796
2.754579
3.489133
4.131868
3.213675
4.040049
4.223687
4.407326
6.978266
6.335531
6.519170
5.692796
5.509158
6.335531
5.600977
5.050061
3.213675
2.203663
1.560928
-1.560928
-1.193651
-0.642735
-0.275458
-0.642735
3.580952
2.295482
2.387302
0.826374
-3.580952
-4.407326
-11.569231
-0.918193
0.918193
-0.550916
0.550916
0.734554
-0.550916
-1.836386
-2.754579
-3.580952
-2.662759
-4.040049
-3.948230
-6.060073
-4.958242
-4.866422
-3.580952
-2.479121
-2.754579
-4.315507
-3.030037
-3.489133
-4.223687
-5.417338
-4.315507
-1.652747
-0.734554
-2.111844
-2.111844
-2.295482
-3.213675
-3.121856
-3.672772
-4.315507
-4.315507
-4.499145
-2.754579
-1.652747
-1.652747
-2.938217
-2.295482
-3.580952
-4.315507
-1.836386
-2.754579
-1.193651
-0.091819
0.642735
0.091819
-1.193651
-1.744567
-3.489133
-3.489133
-5.509158
-7.070085
-9.181929
-6.427350
-2.846398
-3.672772
-5.050061
-5.050061
-4.315507
-2.570940
0.091819
-0.091819
0.183639
1.101832
1.560928
3.397314
0.275458
0.826374
0.734554
0.826374
0.000000
3.764591
2.846398
1.101832
1.836386
-2.020024
-0.918193
1.652747
0.000000
-1.744567
-1.469109
-1.193651
-0.642735
-0.367277
-2.570940
-4.040049
-4.131868
-3.489133
-3.305495
-1.560928
-3.856410
-1.928205
-0.091819
-1.377289
-3.213675
-2.020024
-3.764591
-3.030037
-11.201954
-2.295482
-3.030037
-2.479121
-1.469109
-0.459096
-1.285470
-0.550916
-1.285470
-3.121856
-3.948230
-4.958242
-3.213675
-1.285470
-1.744567
0.091819
1.744567
0.550916
-0.183639
0.091819
-2.479121
-4.040049
-4.590965
-4.866422
-3.030037
-2.570940
-2.846398
-2.479121
-0.091819
1.285470
0.367277
-0.642735
-1.836386
-2.020024
-2.020024
-2.662759
-2.479121
-3.213675
-2.662759
0.183639
3.672772
2.846398
2.570940
5.050061
5.417338
5.784615
7.070085
8.171917
8.080098
8.447375
6.060073
2.203663
2.938217
0.826374
-0.642735
1.101832
1.652747
2.570940
3.580952
6.427350
5.784615
4.682784
3.672772
4.774603
5.784615
4.866422
4.131868
4.040049
4.407326
6.335531
7.712821
7.529182
8.263736
6.886447
11.752869
11.018315
9.090110
6.335531
7.345543
7.437363
4.223687
4.131868
5.141880
4.590965
3.856410
5.600977
5.509158
7.253724
3.397314
3.121856
2.570940
2.570940
2.938217
3.489133
4.590965
3.305495
3.305495
5.325519
3.856410
3.397314
2.754579
2.387302
1.560928
-7.161905
-2.203663
-4.040049
-1.469109
-0.459096
-1.285470
-2.020024
-1.836386
-2.020024
-0.826374
-1.469109
-0.459096
1.101832
1.285470
1.010012
0.459096
-0.367277
0.826374
1.285470
2.846398
1.010012
0.367277
1.377289
2.295482
2.570940
3.397314
3.580952
4.223687
4.682784
3.948230
2.662759
2.662759
1.652747
0.734554
2.111844
3.580952
1.652747
3.948230
4.682784
4.958242
3.580952
2.754579
0.734554
-8.631013
3.213675
6.060073
7.712821
6.794628
6.519170
4.315507
2.938217
2.295482
2.295482
3.121856
3.764591
3.030037
2.938217
3.030037
4.590965
5.600977
4.315507
4.131868
2.846398
3.764591
4.131868
5.600977
8.263736
8.080098
6.794628
5.509158
6.519170
5.325519
4.866422
6.243712
2.754579
3.213675
3.121856
4.590965
4.040049
4.682784
6.243712
6.151893
8.171917
8.906471
8.814652
5.325519
1.285470
-1.010012
-0.918193
-1.744567
-2.203663
-2.295482
-1.560928
0.275458
3.856410
5.417338
3.948230
1.285470
0.091819
-3.213675
-4.774603
-6.519170
-6.060073
-8.539194
-1.744567
1.285470
1.101832
2.846398
4.866422
-1.101832
-3.489133
-3.030037
-3.121856
-3.948230
-3.489133
-1.193651
0.642735
1.377289
3.030037
5.141880
5.509158
2.387302
1.836386
-0.642735
-4.774603
-2.754579
-3.672772
-4.223687
-4.223687
-1.377289
-6.335531
1.928205
1.010012
-0.459096
1.101832
2.754579
0.642735
-0.459096
-0.367277
1.560928
2.295482
4.407326
4.958242
2.111844
3.672772
2.295482
-0.183639
-1.285470
-1.193651
-1.101832
-1.010012
-0.091819
1.652747
2.938217
2.754579
0.275458
-1.560928
-0.367277
-1.377289
-1.652747
0.091819
1.560928
3.764591
3.856410
6.151893
5.325519
4.958242
2.846398
0.459096
0.091819
1.101832
3.856410
3.764591
3.305495
3.948230
5.325519
2.570940
-5.050061
-2.111844
-2.754579
-1.652747
0.000000
2.479121
1.928205
2.846398
4.040049
3.856410
2.938217
3.121856
1.285470
-2.203663
-2.754579
-2.846398
-3.580952
-3.856410
-2.846398
-1.928205
-2.295482
-2.020024
-4.040049
-4.131868
-4.682784
-4.315507
-4.407326
-1.193651
0.826374
1.101832
3.030037
1.652747
1.010012
2.020024
1.193651
0.275458
-2.387302
-2.754579
-1.101832
1.285470
0.826374
1.928205
2.111844
2.387302
3.030037
1.836386
-1.652747
-2.846398
-3.305495
-4.315507
-5.233700
-4.499145
-6.151893
-4.774603
-1.377289
-0.183639
-1.285470
-1.469109
-3.948230
-4.131868
-5.968254
-7.070085
-6.427350
-2.754579
-0.367277
1.560928
1.652747
0.642735
0.550916
-1.010012
-4.590965
-4.682784
-5.141880
-3.121856
-3.030037
-0.550916
-0.275458
0.734554
0.000000
-0.183639
1.193651
0.000000
-1.193651
-1.193651
-1.560928
-2.020024
0.000000
2.203663
3.213675
2.295482
3.397314
3.305495
2.662759
1.652747
0.642735
-0.091819
0.826374
2.111844
3.672772
4.040049
2.846398
2.020024
0.275458
-1.101832
-2.111844
-2.295482
-3.489133
-3.305495
-1.652747
-2.203663
-0.459096
-1.652747
-2.846398
-1.285470
-1.469109
-4.131868
-1.377289
-0.918193
0.091819
-1.928205
-0.826374
0.734554
-0.183639
-0.275458
0.826374
-1.193651
-0.642735
-1.101832
-0.918193
-1.560928
-3.489133
-2.754579
-1.010012
-0.826374
-1.560928
0.275458
-1.377289
-0.826374
-1.377289
-2.295482
-2.754579
-2.938217
-1.193651
-1.377289
0.550916
-0.550916
-1.469109
-2.846398
-11.661050
-2.846398
-3.397314
-3.397314
-2.479121
-2.203663
0.642735
0.183639
0.918193
0.826374
-1.010012
-2.846398
-2.295482
-2.387302
0.183639
1.285470
0.091819
-0.091819
1.652747
0.826374
0.275458
-0.918193
-2.754579
-2.387302
-3.489133
-3.030037
-0.826374
1.744567
2.570940
4.223687
3.213675
2.662759
0.734554
0.275458
2.111844
-0.091819
3.856410
6.610989
7.621001
8.355556
8.539194
8.906471
7.161905
5.050061
3.856410
1.469109
2.754579
2.570940
4.590965
5.233700
7.804640
8.080098
6.610989
3.948230
2.020024
0.734554
-0.734554
-1.101832
-0.918193
0.826374
1.010012
2.387302
2.479121
0.918193
0.367277
-1.010012
-1.193651
-1.469109
-1.469109
0.367277
1.560928
2.111844
3.030037
1.285470
-0.918193
-2.570940
-3.856410
-4.866422
-3.030037
-0.550916
0.091819
2.111844
4.223687
4.131868
2.662759
1.193651
-2.387302
-3.397314
-5.141880
-4.131868
-3.213675
-0.550916
1.377289
4.407326
3.580952
3.030037
1.193651
-1.193651
-5.141880
-6.151893
-5.968254
-5.968254
-5.876435
-2.846398
-2.111844
-1.101832
-2.662759
-1.560928
-2.111844
-0.918193
-0.091819
1.836386
1.836386
2.387302
3.856410
5.141880
4.315507
5.509158
3.489133
3.213675
3.213675
2.387302
0.550916
1.101832
1.377289
2.662759
2.662759
2.111844
0.642735
1.744567
1.652747
2.295482
3.305495
4.315507
3.764591
5.325519
5.417338
3.580952
1.928205
2.111844
1.652747
3.121856
1.469109
2.111844
5.417338
7.529182
7.161905
5.968254
4.866422
4.774603
3.305495
1.010012
-0.091819
2.662759
2.662759
4.958242
6.610989
8.080098
7.437363
5.509158
1.560928
-0.367277
0.918193
1.469109
0.459096
2.479121
4.682784
5.325519
4.499145
3.672772
3.213675
2.662759
2.570940
0.918193
3.030037
4.774603
4.315507
4.223687
3.948230
1.836386
1.285470
1.101832
0.367277
0.000000
-0.459096
2.111844
1.928205
5.509158
5.692796
4.407326
1.836386
1.836386
3.121856
1.560928
3.948230
4.040049
5.876435
6.978266
8.906471
5.233700
5.233700
3.121856
2.570940
0.459096
0.918193
2.754579
4.774603
7.161905
6.335531
8.355556
7.988278
6.978266
5.876435
4.131868
3.764591
4.131868
5.050061
6.335531
6.702808
7.712821
8.171917
7.529182
7.161905
6.427350
5.692796
5.600977
5.141880
5.509158
4.131868
6.794628
8.080098
8.998291
8.906471
6.243712
5.417338
5.141880
5.784615
5.417338
6.886447
6.060073
7.988278
6.978266
7.712821
6.060073
4.866422
4.040049
3.580952
5.050061
5.417338
6.243712
6.794628
6.886447
6.243712
4.499145
4.958242
3.580952
2.295482
1.285470
-0.642735
-1.928205
-2.020024
-1.469109
-2.295482
-0.642735
0.275458
1.469109
1.652747
0.091819
0.275458
0.275458
-0.826374
-3.030037
-2.754579
-1.836386
-0.918193
-1.928205
-1.652747
-1.652747
-0.459096
-0.642735
-3.305495
-3.580952
-2.387302
-1.652747
-1.101832
0.367277
-0.367277
-0.183639
1.101832
1.928205
0.459096
-2.570940
-2.020024
-1.836386
-2.938217
-1.836386
-2.020024
-0.918193
-0.367277
-1.560928
-2.938217
-2.938217
-5.417338
-6.519170
-6.794628
-4.407326
-2.754579
0.734554
0.734554
1.928205
3.305495
1.193651
-0.459096
-2.754579
-2.295482
-1.652747
-1.744567
-0.367277
1.010012
-5.600977
0.367277
2.020024
1.285470
0.183639
1.101832
1.193651
0.918193
1.469109
3.030037
3.856410
4.407326
2.662759
2.020024
1.836386
2.387302
3.030037
2.570940
3.397314
4.499145
4.131868
1.377289
2.846398
3.030037
2.754579
3.213675
3.672772
3.580952
3.121856
1.560928
0.826374
1.836386
1.928205
3.580952
5.417338
5.417338
4.315507
4.774603
2.020024
-0.642735
-0.642735
-1.469109
-1.928205
-5.050061
-1.652747
-0.275458
1.101832
1.377289
0.826374
-0.918193
-2.846398
-4.040049
-4.866422
-5.784615
-5.784615
-3.489133
-2.020024
-1.744567
-2.662759
-3.764591
-3.764591
-4.958242
-3.213675
-2.938217
-4.223687
-5.233700
-3.948230
-2.846398
-2.295482
-1.560928
-0.918193
-0.367277
0.183639
-0.734554
-4.407326
-5.233700
-4.590965
-3.213675
-0.918193
-0.826374
-2.479121
-2.295482
-3.121856
-3.213675
-2.020024
-4.682784
-3.121856
-3.213675
-2.111844
0.367277
1.193651
2.387302
3.213675
2.203663
0.918193
-2.570940
-2.754579
-3.672772
-2.295482
-2.754579
-2.295482
-0.642735
0.183639
1.010012
0.918193
0.459096
-0.826374
-2.846398
-2.203663
-1.193651
-0.734554
0.000000
1.836386
1.377289
2.295482
2.662759
2.203663
1.652747
-0.550916
-1.377289
-2.570940
-2.479121
-0.826374
1.193651
2.387302
4.407326
4.958242
4.315507
5.325519
3.121856
1.010012
-0.275458
0.000000
0.642735
-0.459096
-0.091819
1.010012
1.560928
0.826374
0.642735
-0.275458
-1.744567
-0.918193
-0.642735
-0.367277
-0.550916
-1.652747
-2.203663
-1.010012
-0.367277
-0.918193
0.275458
0.459096
0.459096
0.550916
-0.918193
-0.826374
-1.744567
-1.193651
0.642735
-0.642735
0.275458
-0.183639
0.826374
-0.275458
-1.377289
-4.682784
-3.305495
-2.295482
-0.826374
1.101832
2.020024
3.397314
3.948230
1.652747
1.193651
-2.111844
-3.121856
-3.121856
-3.121856
-3.856410
-0.275458
0.550916
1.377289
-1.101832
0.459096
-1.101832
-1.101832
-1.285470
-1.377289
-1.652747
-0.642735
1.101832
1.469109
1.560928
2.387302
2.387302
0.826374
-0.367277
-1.469109
-0.918193
1.469109
1.101832
2.387302
0.918193
3.397314
2.570940
1.836386
0.367277
1.560928
1.377289
1.652747
1.560928
1.377289
3.856410
4.499145
4.590965
3.948230
2.754579
2.570940
-4.040049
4.866422
3.489133
4.131868
4.407326
3.948230
5.417338
5.600977
6.519170
5.325519
4.407326
4.223687
3.305495
2.387302
3.121856
3.121856
5.141880
3.213675
6.243712
3.764591
3.948230
1.928205
0.734554
-0.091819
-0.826374
-1.285470
-3.948230
-1.377289
1.560928
3.121856
1.836386
1.928205
0.734554
-2.387302
-3.948230
-4.866422
-4.223687
-4.590965
-4.958242
-6.151893
-6.702808
-6.151893
-3.672772
-3.580952
-1.469109
-0.275458
-1.193651
-2.111844
-2.295482
-1.744567
-1.836386
-1.469109
0.183639
-0.550916
1.010012
3.397314
0.459096
-1.836386
-2.570940
-1.928205
-1.928205
-2.846398
-4.315507
-3.305495
-3.856410
-1.469109
-1.101832
-0.367277
0.550916
-0.367277
-0.826374
0.367277
0.459096
0.459096
-0.183639
0.734554
1.101832
0.459096
-0.459096
-0.642735
-2.020024
-0.459096
-1.560928
-0.826374
1.193651
1.560928
1.193651
1.652747
0.826374
0.459096
0.000000
0.642735
-0.734554
-0.642735
0.000000
2.111844
3.672772
3.764591
4.315507
6.519170
6.427350
4.590965
2.846398
1.193651
0.642735
0.459096
0.459096
1.469109
3.672772
4.407326
5.325519
4.958242
5.600977
5.050061
3.030037
2.203663
0.275458
-0.734554
-0.367277
-0.367277
1.836386
