3.247863
3.990232
0.556777
2.691087
5.660562
5.567766
4.825397
1.948718
0.649573
-1.670330
-1.763126
-3.897436
-5.010989
-10.021978
-11.970696
-12.898657
-13.641026
-10.671551
-6.217338
-3.155067
0.463980
1.577534
2.783883
-0.927961
-2.598291
-6.588523
-7.609280
-5.010989
2.319902
3.062271
3.247863
-2.969475
-5.474969
-9.557998
-9.650794
-11.970696
-8.722833
-6.959707
-2.134310
3.619048
8.351648
7.145299
4.732601
-0.835165
-2.783883
-4.918193
-2.691087
0.092796
2.691087
6.124542
9.094017
10.114774
12.249084
14.197802
14.940171
14.383394
12.156288
9.836386
3.990232
0.556777
-1.670330
-1.020757
-2.783883
-2.505495
-3.155067
-2.969475
-3.804640
0.000000
-1.206349
-0.649573
-0.463980
-0.927961
-1.206349
1.113553
-0.185592
2.134310
-0.927961
-1.484737
-1.577534
-2.598291
-4.454212
-2.041514
0.000000
6.402930
6.959707
6.402930
5.289377
7.794872
3.990232
6.217338
4.361416
8.166056
7.794872
6.681319
4.918193
5.846154
6.959707
6.959707
5.103785
5.474969
5.196581
2.691087
-1.299145
-2.505495
-3.340659
-3.155067
-3.804640
-2.227106
-0.742369
0.092796
-3.990232
-5.382173
-6.031746
-9.279609
-12.341880
-14.383394
-14.105006
-9.743590
-3.247863
-1.948718
-1.391941
-0.742369
-0.278388
-0.371184
1.948718
0.000000
-3.526252
-6.217338
-7.702076
-5.753358
-5.010989
-1.391941
-2.783883
1.113553
2.691087
0.092796
-2.134310
-5.382173
-6.588523
-10.393162
-13.733822
-11.877900
-8.351648
-3.990232
2.876679
1.391941
-0.835165
-1.855922
0.649573
-1.577534
0.371184
-0.927961
-3.155067
-10.207570
-10.207570
-12.249084
-12.805861
-13.641026
-11.413919
-9.557998
-6.310134
-4.454212
-2.319902
2.412698
6.588523
8.073260
10.207570
10.949939
12.341880
6.310134
3.340659
1.206349
-4.268620
-8.444444
-11.970696
-14.012210
-12.063492
-11.042735
-6.124542
-4.639805
-0.927961
4.918193
12.527473
13.733822
12.713065
8.630037
5.938950
5.103785
3.990232
2.041514
0.463980
-0.649573
-1.391941
-2.412698
-3.062271
-0.556777
0.742369
4.547009
5.567766
6.031746
6.402930
6.774115
3.990232
2.134310
-2.505495
-2.505495
-1.113553
-0.556777
0.835165
5.382173
6.031746
3.990232
1.113553
0.000000
-2.319902
0.556777
-1.670330
-5.103785
-7.887668
-5.010989
0.742369
10.300366
14.568987
17.352869
17.538462
18.002442
11.970696
10.578755
6.774115
8.444444
5.846154
3.804640
1.763126
3.062271
5.196581
10.578755
13.084249
12.063492
8.258852
8.630037
3.526252
4.639805
6.959707
7.887668
6.495726
6.031746
4.918193
5.196581
7.980464
11.506716
12.713065
10.857143
9.279609
5.846154
1.855922
0.556777
-4.639805
-7.516484
-7.980464
-5.753358
-1.113553
4.825397
3.062271
2.876679
0.000000
-2.598291
-6.959707
-5.846154
-1.670330
-2.041514
-3.711844
2.041514
5.938950
9.929182
12.341880
17.260073
18.930403
17.724054
13.641026
7.052503
13.362637
13.641026
11.785104
6.959707
4.639805
4.639805
0.371184
-2.505495
-5.196581
-7.609280
-8.722833
-6.124542
-3.526252
0.927961
3.897436
12.249084
16.703297
18.373626
17.909646
18.095238
14.568987
12.341880
7.238095
3.804640
0.371184
-6.588523
-11.599512
-12.713065
-12.341880
-12.991453
-11.135531
-9.001221
-8.630037
-9.929182
-10.021978
-7.980464
-8.351648
-9.465201
-12.527473
-14.012210
-18.652015
-20.971917
-18.280830
-11.970696
-7.145299
-1.206349
-1.391941
-3.062271
-3.433455
-2.783883
-6.402930
-8.073260
-8.908425
-8.444444
-16.424908
-18.095238
-17.167277
-14.197802
-12.527473
-10.949939
-13.177045
-4.918193
-0.185592
4.268620
2.783883
3.155067
1.020757
-3.247863
-6.866911
-12.527473
-16.053724
-15.404151
-15.868132
-7.980464
-6.866911
-6.681319
-8.815629
-8.537241
-9.557998
-11.042735
-13.733822
-10.857143
-8.258852
-6.774115
-3.340659
3.247863
5.660562
5.010989
3.155067
2.969475
1.299145
-0.927961
-7.145299
-10.114774
-13.362637
-14.290598
-16.517705
-14.661783
-12.620269
-9.743590
-9.001221
-3.247863
-7.516484
-9.094017
-13.919414
-17.352869
-19.394383
-14.940171
-15.032967
-14.383394
-12.713065
-9.372405
-4.361416
0.463980
-0.649573
-0.835165
-4.732601
-4.547009
-7.145299
-7.609280
-9.372405
-7.702076
-7.052503
-3.155067
-6.959707
-9.186813
-12.249084
-12.898657
-14.012210
-10.485958
-5.938950
-2.227106
0.185592
2.134310
2.876679
4.732601
2.227106
1.206349
-1.577534
-5.289377
-8.815629
-10.578755
-10.207570
-7.609280
-5.474969
-1.763126
2.876679
4.547009
5.753358
6.217338
4.639805
3.711844
-0.556777
-3.897436
-5.382173
-5.103785
-3.340659
-0.371184
2.783883
6.681319
10.021978
12.063492
11.785104
10.485958
2.598291
-3.711844
-5.660562
-8.258852
-7.516484
-4.454212
-3.062271
0.371184
7.794872
13.455433
14.476190
11.228327
13.084249
14.012210
11.228327
4.454212
2.134310
-0.185592
-4.083028
-6.681319
-4.361416
-3.155067
-0.278388
2.598291
8.908425
10.393162
12.434676
10.207570
8.351648
7.052503
7.423687
6.217338
6.959707
1.670330
1.577534
1.020757
4.175824
3.526252
1.948718
1.020757
3.433455
2.969475
0.927961
-5.382173
-6.495726
-9.372405
-7.516484
-7.330891
-6.774115
-12.805861
-11.321123
-11.970696
-7.330891
-6.031746
-3.804640
-3.433455
-3.804640
-4.454212
-3.155067
-5.196581
-6.031746
-2.969475
-3.062271
-4.547009
-2.505495
-3.340659
0.649573
2.041514
3.062271
0.927961
0.649573
0.463980
3.247863
1.484737
-0.092796
-0.371184
1.948718
1.113553
3.062271
5.846154
9.094017
8.722833
8.258852
8.722833
6.495726
9.929182
8.258852
2.412698
-2.227106
2.505495
5.753358
9.836386
12.527473
9.465201
5.567766
3.990232
-1.670330
-5.196581
-7.887668
-7.702076
-3.062271
-0.927961
-1.948718
-0.278388
1.299145
2.505495
-1.763126
-3.062271
-6.031746
-1.763126
-0.092796
3.711844
-0.742369
0.649573
3.711844
7.423687
7.887668
9.186813
6.310134
7.423687
3.155067
3.990232
3.062271
2.412698
6.310134
12.156288
16.610501
19.301587
18.652015
19.023199
12.434676
9.186813
5.382173
5.474969
6.217338
5.196581
0.000000
-6.681319
-8.630037
-9.465201
-9.743590
-10.207570
-5.474969
-6.124542
-5.196581
-7.238095
-4.639805
-1.670330
-2.041514
-5.196581
-5.567766
-8.815629
-8.630037
-9.743590
-11.970696
-12.898657
-5.474969
-0.556777
3.897436
4.825397
6.495726
5.567766
6.866911
1.948718
-5.846154
-10.671551
-5.103785
0.927961
4.918193
6.124542
5.846154
0.927961
1.577534
-5.753358
-3.526252
-10.300366
-12.898657
-9.743590
-6.866911
-2.319902
-0.371184
-4.268620
-9.929182
-12.527473
-11.785104
-12.713065
-11.970696
-12.805861
-9.465201
-11.506716
-12.434676
-10.300366
-7.794872
-5.289377
-3.711844
-7.052503
-7.516484
-8.908425
-7.052503
-7.145299
-8.722833
-10.578755
-8.073260
-3.619048
-3.155067
-1.206349
0.371184
3.340659
3.804640
2.041514
1.577534
-0.649573
-2.412698
-5.846154
-8.537241
-6.124542
-1.484737
0.742369
1.763126
2.041514
0.556777
0.556777
0.000000
-3.247863
-15.960928
-12.341880
-9.743590
-6.866911
-5.196581
-0.835165
0.556777
1.948718
1.484737
-0.649573
-6.217338
-7.145299
-7.330891
-9.372405
-11.506716
-11.228327
-10.300366
-5.567766
-9.929182
-9.465201
-13.455433
-10.949939
-10.021978
-8.630037
-8.908425
-5.289377
-4.454212
-9.186813
1.206349
6.217338
7.887668
-1.484737
-3.247863
2.691087
-1.855922
-0.556777
-7.330891
-4.175824
-6.774115
-8.908425
-5.846154
-2.783883
-6.310134
-5.567766
-7.609280
-3.526252
-6.217338
-9.094017
-10.300366
-7.516484
-9.929182
-10.207570
-8.166056
-3.433455
-0.092796
2.412698
6.402930
9.465201
10.764347
12.991453
10.857143
1.670330
-4.825397
-7.609280
-7.052503
-2.041514
-0.185592
-0.742369
4.268620
6.681319
6.402930
4.268620
5.938950
7.330891
7.330891
2.134310
-0.278388
0.742369
5.382173
6.124542
7.702076
9.650794
12.713065
12.156288
14.476190
15.032967
15.218559
15.218559
16.981685
11.413919
-0.835165
1.484737
-2.134310
-7.330891
-11.877900
-17.074481
-13.269841
-11.692308
-8.630037
-5.010989
-0.278388
-6.031746
1.299145
0.278388
-0.278388
-5.938950
-7.887668
-10.764347
-11.042735
-14.568987
-13.362637
-12.713065
-10.393162
-7.609280
-2.691087
2.969475
8.722833
12.156288
10.021978
5.289377
0.463980
0.000000
2.598291
4.268620
3.155067
5.753358
7.423687
8.258852
6.124542
9.001221
12.341880
13.641026
10.114774
13.269841
15.868132
19.672772
18.280830
21.714286
22.827839
25.054945
23.291819
25.797314
22.827839
16.796093
10.207570
11.135531
5.660562
6.681319
5.846154
8.444444
11.877900
20.136752
26.075702
31.272283
30.158730
30.993895
28.581197
28.024420
21.899878
15.218559
6.217338
1.948718
-1.299145
-1.020757
-0.927961
6.774115
11.042735
17.167277
18.095238
19.487179
19.487179
19.487179
15.311355
13.084249
6.866911
4.825397
6.031746
4.268620
0.649573
-0.185592
0.092796
1.948718
2.134310
2.598291
2.691087
4.639805
3.340659
1.113553
-2.412698
-4.639805
-5.753358
-4.639805
-6.217338
-6.031746
-5.382173
-4.639805
-1.020757
2.876679
5.382173
11.599512
14.383394
12.991453
14.940171
10.578755
5.753358
0.278388
-4.918193
-12.898657
-13.826618
-15.218559
-13.362637
-12.249084
-6.495726
-3.804640
-2.783883
-6.310134
-7.702076
-11.228327
-8.537241
-12.063492
-11.692308
-16.703297
-16.332112
-15.960928
-14.661783
-16.610501
-12.805861
-11.413919
-11.413919
-14.661783
-13.641026
-17.538462
-16.703297
-20.136752
-22.735043
-25.333333
-26.446886
-28.302808
-25.890110
-21.343101
-17.445665
-16.053724
-11.413919
-8.444444
-8.073260
-7.609280
-2.598291
-3.155067
-4.268620
-9.836386
-12.063492
-11.506716
-14.290598
-16.703297
-17.538462
-20.600733
-22.178266
-19.208791
-10.393162
-4.175824
-0.092796
1.391941
2.134310
-1.763126
-6.681319
-10.764347
-14.661783
-16.146520
-18.744811
-19.023199
-15.311355
-9.465201
-2.969475
-0.278388
7.516484
9.929182
10.207570
9.929182
10.021978
3.247863
-3.619048
-4.547009
-6.681319
-7.794872
-4.083028
0.927961
3.897436
10.393162
10.949939
10.393162
13.362637
14.105006
8.908425
4.268620
-1.948718
-7.423687
-12.527473
-12.063492
-11.321123
-3.247863
2.134310
9.279609
10.207570
9.650794
7.052503
3.155067
-5.753358
-8.722833
-10.671551
-19.023199
-10.114774
-7.052503
-5.660562
-4.454212
-4.175824
-2.041514
-3.804640
-2.969475
-4.918193
-0.463980
4.825397
8.351648
5.938950
5.196581
1.763126
-1.206349
-8.722833
-11.506716
-13.455433
-21.899878
-17.074481
-13.455433
-14.012210
-10.393162
-7.052503
-1.206349
-1.484737
0.556777
1.299145
1.391941
-4.547009
-5.660562
-7.145299
-7.887668
-12.713065
-12.341880
-10.764347
-4.547009
-3.247863
1.484737
1.670330
5.938950
6.124542
5.382173
0.556777
-0.185592
-4.175824
-7.887668
-10.207570
-8.722833
-8.166056
-6.495726
-8.073260
-4.454212
-2.319902
2.783883
7.052503
10.949939
13.177045
12.341880
12.805861
10.764347
6.217338
5.103785
3.340659
3.526252
0.371184
1.020757
0.556777
-10.207570
-5.289377
-7.423687
-6.866911
-6.217338
-8.630037
-7.609280
-9.465201
-6.124542
-5.474969
-5.196581
-5.382173
-1.948718
-1.484737
-1.577534
-3.247863
-1.391941
-4.083028
-4.918193
-6.681319
-6.031746
-8.073260
-6.031746
-4.454212
-3.062271
-3.526252
-0.649573
-0.742369
4.825397
4.918193
9.372405
8.351648
7.794872
0.835165
-2.969475
-9.186813
-9.094017
-8.722833
-5.474969
-2.691087
3.062271
4.454212
7.609280
9.279609
12.805861
10.578755
10.857143
8.815629
7.238095
1.670330
2.598291
-3.155067
-3.990232
-2.041514
7.145299
5.382173
6.774115
5.103785
4.639805
2.783883
0.371184
-2.319902
-6.959707
-13.826618
-13.084249
-13.641026
-10.207570
-10.857143
-7.702076
-2.598291
1.948718
1.484737
5.474969
3.247863
1.206349
1.391941
2.134310
1.113553
3.619048
1.020757
1.299145
2.227106
-0.927961
-7.423687
-12.156288
-24.219780
-14.476190
-9.929182
-1.020757
10.300366
15.496947
12.620269
12.156288
8.630037
9.372405
5.938950
4.825397
-1.299145
1.299145
-0.742369
1.577534
1.113553
3.990232
6.681319
7.702076
4.268620
8.630037
3.247863
-1.670330
-5.567766
-6.681319
-8.258852
-4.825397
-5.753358
-3.619048
-2.134310
0.927961
1.670330
5.567766
7.330891
10.671551
7.980464
6.031746
2.412698
2.227106
0.000000
-1.763126
-4.175824
-4.083028
-6.588523
-4.825397
-2.691087
1.670330
5.103785
7.238095
8.166056
13.641026
9.650794
5.382173
2.134310
7.052503
2.505495
-2.041514
-2.691087
1.113553
-1.391941
-0.927961
-2.505495
0.092796
3.804640
10.578755
12.063492
16.796093
15.496947
19.765568
19.023199
15.589744
14.105006
12.620269
10.021978
9.929182
4.361416
-0.556777
-4.639805
-8.444444
-11.785104
-14.940171
-21.714286
-21.714286
-20.229548
-19.765568
-17.074481
-15.496947
-12.434676
-10.393162
-8.258852
-12.713065
-9.094017
-6.495726
-5.753358
-6.402930
-6.124542
-9.743590
-11.692308
-15.218559
-12.156288
-8.722833
-4.918193
-1.763126
1.020757
4.175824
9.929182
10.857143
15.218559
14.847375
17.167277
19.951160
16.888889
11.785104
16.239316
15.311355
12.898657
5.938950
-1.577534
-7.887668
-8.537241
-18.002442
-17.724054
-15.589744
-16.517705
-15.311355
-2.134310
2.134310
-1.577534
-2.041514
4.639805
0.649573
-1.763126
-4.083028
-5.938950
-12.898657
-15.496947
-13.733822
-10.021978
-9.279609
-3.155067
0.278388
3.619048
7.145299
10.578755
12.991453
20.507937
23.941392
27.282051
20.600733
13.177045
1.206349
-5.660562
-10.671551
-11.692308
-10.949939
-7.052503
-5.103785
2.691087
0.835165
3.247863
1.948718
1.391941
0.278388
0.000000
-4.454212
-10.021978
-16.981685
-16.517705
-15.218559
-11.692308
-10.114774
-2.598291
0.000000
1.577534
0.463980
2.691087
0.742369
2.319902
-1.484737
-0.463980
-4.732601
-4.268620
-6.031746
-8.073260
-9.186813
-8.166056
-10.764347
-9.094017
-11.506716
-10.764347
-8.351648
-8.351648
-8.815629
-7.423687
-6.495726
-6.310134
-3.897436
-4.732601
-6.124542
-3.062271
-0.927961
-0.556777
-2.227106
-2.969475
-3.619048
-1.206349
-0.835165
-3.433455
-3.247863
-6.681319
-4.547009
-0.927961
1.577534
5.938950
9.557998
10.671551
11.599512
12.527473
12.805861
6.774115
5.289377
4.268620
3.897436
1.855922
2.319902
4.918193
5.567766
4.732601
6.031746
5.846154
5.567766
3.062271
3.062271
1.484737
1.484737
0.278388
2.691087
1.670330
3.433455
0.278388
0.927961
1.948718
3.340659
4.083028
7.887668
7.052503
8.630037
5.753358
0.000000
-4.547009
-7.609280
-5.474969
-1.206349
3.155067
7.980464
9.186813
13.177045
13.177045
13.362637
11.135531
10.021978
7.052503
1.577534
-5.103785
-4.268620
-3.897436
-3.711844
-2.598291
0.000000
-3.340659
-4.547009
-8.537241
-12.156288
-12.341880
-10.857143
-12.249084
-9.465201
-7.516484
-5.660562
-3.526252
-2.134310
-3.247863
-1.299145
-5.474969
-5.103785
-3.804640
-3.897436
-4.268620
-1.855922
-2.412698
-0.927961
-2.876679
-4.175824
-4.547009
-4.732601
-6.495726
-6.031746
-5.196581
-4.547009
-3.619048
-1.670330
-0.556777
2.319902
-1.577534
-3.247863
-5.289377
-7.145299
-7.145299
-6.495726
-2.041514
2.412698
6.124542
6.495726
8.258852
8.444444
6.402930
5.289377
2.691087
0.742369
-0.927961
-0.092796
0.649573
-1.670330
-0.556777
-2.876679
-4.361416
-4.825397
-6.124542
-7.609280
-7.145299
-4.083028
1.948718
5.567766
9.743590
10.949939
10.578755
6.124542
3.711844
-1.855922
-1.948718
-2.691087
-4.175824
-6.124542
-3.711844
-8.908425
-6.495726
-7.609280
-9.279609
-16.703297
-17.538462
-19.115995
-16.610501
-17.352869
-13.641026
-17.260073
-13.455433
-12.713065
-8.908425
-9.650794
-9.929182
-10.300366
-7.980464
-7.423687
-11.321123
-0.463980
3.990232
4.918193
7.887668
8.258852
10.300366
8.166056
7.609280
6.217338
6.774115
4.361416
6.866911
4.454212
6.588523
7.609280
9.557998
5.010989
0.185592
-4.083028
-4.268620
-2.876679
-2.319902
-2.134310
-1.670330
-1.206349
-1.113553
-1.299145
-3.062271
-3.990232
-3.711844
-2.505495
-0.185592
7.980464
11.877900
10.764347
11.413919
12.434676
14.105006
11.785104
3.619048
-14.197802
-11.042735
-5.846154
-4.361416
-0.092796
6.402930
13.455433
19.115995
21.528694
19.023199
14.197802
9.186813
10.764347
10.671551
10.485958
7.887668
9.094017
3.619048
-1.948718
-10.021978
-17.816850
-20.415140
-17.816850
-12.713065
-4.175824
2.319902
6.217338
5.753358
7.516484
2.041514
2.783883
2.134310
5.846154
2.227106
2.134310
4.547009
7.330891
4.361416
2.319902
-1.020757
-0.185592
-1.763126
0.371184
0.835165
0.278388
-1.391941
0.463980
0.092796
0.278388
-1.299145
-0.092796
-5.010989
-5.567766
-8.722833
-6.866911
-9.650794
-12.156288
-14.476190
-12.434676
-13.084249
-10.764347
-11.042735
-9.929182
-8.630037
-10.114774
-10.207570
-6.681319
-5.474969
-3.897436
-3.155067
-1.113553
-1.391941
3.619048
4.083028
5.660562
1.948718
-0.742369
0.927961
0.185592
-0.835165
-4.918193
-4.732601
-4.547009
-3.897436
-1.948718
1.855922
2.319902
8.166056
7.609280
11.413919
8.630037
5.753358
0.463980
-1.577534
-1.670330
2.319902
2.041514
5.289377
8.630037
12.713065
15.404151
17.352869
15.032967
14.940171
10.393162
10.857143
5.938950
0.371184
-8.351648
-10.114774
-16.703297
-9.557998
-10.578755
-7.794872
-12.805861
-11.506716
-14.105006
-18.466422
-15.589744
-13.826618
-16.239316
-16.332112
-20.136752
-17.074481
-17.724054
-11.413919
-8.722833
-5.010989
-5.938950
-5.196581
0.371184
0.185592
-0.927961
-0.927961
-2.227106
-0.278388
-1.577534
-0.092796
0.371184
2.412698
1.391941
3.247863
0.927961
0.371184
-1.020757
0.000000
0.649573
3.155067
6.124542
7.794872
7.887668
9.465201
10.671551
12.805861
10.393162
6.031746
3.433455
3.619048
0.927961
1.206349
-0.463980
-2.319902
-0.278388
-0.835165
-0.835165
-0.556777
-1.670330
-1.855922
-0.371184
-1.670330
0.371184
0.371184
-2.134310
-2.134310
-3.340659
-6.217338
-3.247863
-2.783883
2.134310
5.382173
7.887668
5.196581
7.423687
2.134310
1.763126
3.247863
5.382173
7.330891
12.341880
11.970696
15.960928
15.404151
14.568987
10.485958
10.300366
8.630037
11.135531
12.805861
13.919414
7.887668
3.619048
3.062271
5.846154
4.547009
5.289377
3.433455
2.227106
-1.391941
0.278388
-2.876679
0.371184
-0.371184
1.113553
-1.020757
-1.855922
-1.670330
5.382173
3.619048
5.660562
2.969475
3.619048
-1.577534
-5.103785
-12.527473
-16.981685
-21.899878
-20.786325
-22.456654
-19.301587
-16.146520
-14.290598
-14.012210
-12.434676
-8.722833
-0.927961
-2.505495
-3.247863
-4.732601
-3.804640
-6.124542
-8.537241
-9.094017
-7.330891
-7.980464
-8.537241
-9.001221
-5.289377
-4.639805
-2.598291
-3.619048
-2.969475
-6.681319
-7.980464
-8.258852
-5.846154
-4.732601
-3.526252
-3.247863
-3.340659
-4.547009
-6.588523
-8.444444
-9.372405
-9.186813
-6.124542
1.391941
6.681319
9.836386
12.991453
11.228327
8.073260
6.402930
1.206349
-4.547009
-8.166056
-9.743590
-12.063492
-15.868132
-18.373626
-18.095238
-15.404151
-11.506716
-13.641026
-13.548230
-14.754579
-13.455433
-12.156288
-10.949939
-12.898657
-12.156288
-10.949939
-7.145299
-7.980464
-6.588523
-4.547009
-0.742369
2.598291
6.959707
4.268620
5.660562
2.505495
4.547009
4.918193
4.639805
1.020757
2.691087
1.299145
3.990232
5.196581
6.959707
2.783883
5.289377
-0.649573
-2.227106
-3.340659
1.484737
5.660562
9.557998
4.268620
1.670330
-3.247863
-4.454212
-1.391941
-0.185592
-2.041514
-1.113553
-2.134310
-0.742369
-3.433455
-1.577534
-2.691087
0.742369
-1.855922
1.670330
3.526252
6.774115
7.145299
9.557998
5.010989
6.495726
3.619048
5.938950
4.732601
5.382173
0.649573
1.299145
0.185592
2.505495
2.505495
6.866911
10.857143
14.105006
16.981685
20.786325
14.290598
12.991453
10.578755
9.186813
3.619048
3.804640
2.227106
3.340659
-2.876679
-6.959707
-12.991453
-11.506716
-6.588523
-0.278388
2.598291
8.815629
8.908425
9.929182
9.094017
8.166056
5.382173
4.547009
2.505495
1.113553
-4.454212
-7.516484
-9.557998
-9.465201
-9.465201
-6.774115
-9.094017
-9.094017
-11.877900
-9.465201
-10.857143
-9.650794
-13.455433
-13.177045
-13.548230
-11.599512
-14.847375
-13.362637
-12.991453
-9.836386
-13.362637
-11.599512
-10.114774
-5.010989
-6.124542
-4.268620
-4.268620
-1.484737
1.484737
4.454212
1.299145
4.083028
8.073260
11.785104
12.156288
3.526252
8.815629
2.041514
-6.310134
-2.783883
-6.217338
-6.217338
-3.990232
-0.278388
-1.577534
7.980464
11.877900
10.207570
16.424908
16.703297
14.105006
11.506716
9.001221
9.001221
8.166056
6.217338
3.526252
2.876679
0.835165
0.371184
-1.948718
-2.969475
-2.134310
-1.763126
-0.835165
5.567766
5.103785
4.547009
4.732601
4.639805
6.310134
7.052503
7.794872
8.815629
9.743590
9.743590
10.393162
9.929182
9.557998
9.836386
9.650794
11.413919
9.279609
8.166056
5.474969
