-0.169475
-5.168987
-5.168987
-2.033700
-0.762637
-3.135287
-5.931624
-6.440049
-5.931624
-2.796337
0.338950
6.948474
8.304274
8.897436
3.897924
5.507937
5.507937
9.490598
12.117460
12.117460
7.541636
7.117949
4.575824
7.541636
8.219536
13.303785
9.829548
5.592674
1.694750
3.982662
4.491087
11.439560
14.659585
20.167521
17.964347
19.998046
16.947497
21.184371
21.862271
24.404396
22.963858
21.947009
18.303297
18.896459
16.015385
17.201709
15.083272
13.388523
10.507448
11.439560
8.050061
9.405861
7.626374
8.897436
5.846886
7.795849
6.778999
8.558486
5.931624
12.286935
11.863248
14.490110
14.659585
19.828571
20.506471
22.709646
19.743834
20.591209
17.286447
14.405372
13.388523
12.964835
13.981685
16.947497
14.659585
15.422222
14.659585
14.744322
11.863248
9.490598
5.168987
2.965812
-1.186325
-5.931624
-10.337973
-14.320635
-17.201709
-15.252747
-10.931136
-9.490598
-11.693773
-14.659585
-17.540659
-16.693284
-13.134310
-14.490110
-12.795360
-13.473260
-7.795849
-1.694750
4.236874
4.236874
9.744811
7.965324
6.440049
4.236874
4.236874
4.321612
6.524786
7.202686
9.151648
8.050061
9.914286
9.744811
13.557998
15.676435
15.337485
8.982173
4.575824
-0.423687
-0.338950
-5.168987
-4.914774
-7.117949
-5.423199
-9.405861
-12.625885
-16.269597
-15.930647
-19.828571
-19.574359
-21.608059
-22.370696
-26.777045
-29.234432
-32.454457
-32.623932
-33.217094
-28.471795
-26.777045
-21.692796
-22.963858
-22.285958
-23.980708
-21.947009
-23.387546
-28.471795
-19.828571
-16.015385
-16.439072
-18.049084
-21.947009
-21.184371
-21.014896
-17.116972
-15.422222
-13.303785
-15.591697
-16.778022
-19.659096
-18.133822
-14.744322
-8.643223
-5.423199
-5.338462
-11.185348
-16.015385
-18.981197
-12.032723
-5.762149
0.932112
-3.389499
-11.863248
-21.777534
-24.489133
-23.557021
-17.794872
-8.643223
-5.423199
-9.490598
-12.117460
-10.253236
-7.965324
0.593162
10.083761
15.845910
12.625885
9.660073
6.863736
5.931624
8.304274
16.862759
23.218071
26.607570
17.964347
12.456410
10.083761
12.371673
12.541148
19.913309
22.963858
24.997558
20.167521
18.557509
16.100122
17.794872
19.065934
24.234921
22.794383
23.302808
20.760684
22.201221
17.879609
17.286447
20.845421
25.505983
26.099145
31.776557
28.132845
25.675458
24.065446
22.031746
19.489621
20.252259
17.371184
19.743834
9.744811
20.082784
17.286447
14.151160
12.625885
12.710623
14.829060
15.930647
15.676435
16.862759
16.778022
17.794872
17.286447
20.845421
22.031746
25.929670
25.929670
26.099145
24.743346
20.845421
18.642247
18.133822
17.879609
20.167521
18.642247
16.947497
8.134799
4.321612
1.779487
7.117949
10.168498
13.219048
13.473260
13.896947
8.727961
7.795849
5.168987
3.813187
1.016850
-1.101587
-6.694261
-9.236386
-14.829060
-17.964347
-22.370696
-21.184371
-18.133822
-10.083761
-3.135287
2.287912
0.677900
4.321612
4.491087
7.033211
5.168987
4.999512
2.457387
2.711600
0.254212
-2.711600
-5.338462
-0.338950
0.423687
2.033700
4.067399
0.084737
-1.271062
-4.830037
-10.422711
-12.964835
-15.083272
-19.150672
-20.506471
-22.116484
-28.048107
-34.488156
-39.741880
-43.385592
-47.452991
-45.758242
-46.520879
-47.707204
-46.012454
-47.876679
-46.775092
-44.148230
-40.504518
-36.098168
-30.081807
-26.946520
-28.556532
-30.590232
-30.505495
-28.726007
-26.946520
-22.963858
-17.371184
-14.659585
-15.506960
-15.591697
-16.862759
-17.794872
-16.354335
-13.727473
-13.303785
-9.744811
-10.592186
-12.964835
-16.778022
-18.981197
-20.845421
-17.116972
-12.371673
-4.491087
-3.558974
-3.389499
-7.965324
-10.676923
-13.642735
-11.947985
-8.643223
-5.507937
-5.084249
-7.456899
-14.829060
-21.014896
-20.336996
-17.710134
-12.117460
-6.355311
-3.558974
-3.389499
-2.118437
-0.084737
0.847375
-0.932112
-3.389499
-5.168987
-7.965324
-6.016361
-3.558974
2.033700
2.881074
-1.355800
-4.830037
-7.965324
-7.541636
-6.948474
-1.440537
3.897924
7.287424
5.423199
-0.084737
-6.524786
-6.440049
-4.406349
-2.118437
-0.932112
0.169475
-2.033700
-1.186325
-4.575824
-4.152137
-5.931624
-1.016850
-1.864225
-0.508425
-0.423687
2.287912
2.881074
4.236874
1.186325
2.118437
0.000000
-0.677900
-1.525275
3.813187
6.101099
8.558486
8.219536
12.541148
11.693773
8.897436
2.881074
3.389499
5.507937
7.965324
8.473748
10.507448
8.897436
9.321123
7.033211
5.762149
3.897924
4.999512
4.745299
9.405861
11.354823
12.541148
12.456410
15.591697
15.845910
20.760684
21.777534
23.472283
21.608059
16.947497
15.422222
10.931136
6.694261
3.558974
1.525275
1.525275
2.626862
1.610012
0.762637
3.389499
5.762149
6.948474
9.066911
12.032723
13.219048
13.134310
15.083272
14.744322
18.218559
17.371184
18.388034
16.693284
13.981685
12.117460
15.168010
14.574847
17.794872
16.523810
18.557509
19.574359
22.031746
18.981197
20.591209
20.591209
22.963858
22.624908
24.489133
26.946520
27.370208
24.743346
26.268620
23.218071
21.692796
16.269597
14.320635
11.015873
11.270085
7.626374
7.965324
5.338462
2.457387
0.677900
-7.541636
-0.762637
3.558974
4.067399
8.473748
6.694261
7.626374
6.609524
7.880586
6.185836
7.711111
3.304762
5.253724
1.864225
2.372650
-3.474237
-6.609524
-12.456410
-13.134310
-17.964347
-19.320147
-22.116484
-17.964347
-18.218559
-13.473260
-15.337485
-14.574847
-16.947497
-14.405372
-13.896947
-11.185348
-12.117460
-12.541148
-18.811722
-19.150672
-18.388034
-16.015385
-15.761172
-9.829548
-9.151648
-3.474237
-0.593162
2.711600
3.643712
4.321612
-0.423687
-3.558974
-8.219536
-10.931136
-16.608547
-18.133822
-21.353846
-18.049084
-20.675946
-17.540659
-15.252747
-9.236386
-7.626374
-2.542125
-1.610012
-0.423687
-1.016850
-0.338950
-2.372650
0.847375
0.677900
1.864225
4.914774
6.863736
6.016361
8.050061
5.253724
4.999512
4.745299
6.694261
6.778999
7.795849
8.219536
9.999023
9.575336
10.083761
8.050061
6.016361
8.643223
9.660073
8.558486
11.524298
11.185348
14.490110
14.405372
17.625397
15.676435
15.761172
13.896947
12.880098
12.964835
16.439072
14.151160
16.015385
12.032723
9.660073
7.372161
6.355311
7.372161
8.643223
9.660073
9.236386
6.524786
7.033211
6.609524
8.050061
7.033211
7.287424
3.813187
-0.593162
-4.067399
-3.813187
-3.558974
-0.593162
-1.186325
-4.491087
-6.185836
-9.151648
-11.947985
-12.880098
-8.897436
-7.795849
-5.677411
-6.863736
-8.897436
-12.964835
-13.303785
-13.981685
-11.524298
-11.015873
-7.541636
-10.507448
-14.574847
-21.353846
-23.218071
-23.218071
-19.065934
-13.727473
-4.321612
-2.711600
0.254212
-0.762637
0.508425
2.033700
8.558486
9.236386
13.219048
12.286935
15.761172
17.710134
20.421734
19.489621
19.828571
21.353846
20.082784
14.829060
13.981685
13.896947
16.269597
15.506960
14.574847
9.914286
5.253724
0.847375
-2.033700
-2.203175
0.847375
3.050549
1.016850
-3.304762
-11.100611
-15.930647
-20.082784
-17.455922
-15.506960
-13.388523
-18.811722
-24.065446
-30.336020
-31.522344
-29.149695
-23.133333
-18.133822
-16.100122
-17.710134
-15.676435
-12.795360
-6.524786
-2.542125
-2.287912
-7.626374
-14.574847
-17.964347
-12.625885
-8.389011
-2.287912
1.694750
2.796337
-2.626862
-5.846886
-9.066911
-2.118437
2.457387
12.117460
11.439560
4.236874
-7.795849
-12.964835
-13.049573
-7.202686
-2.033700
3.389499
-1.948962
-8.304274
-15.591697
-14.490110
-13.981685
-8.219536
-5.338462
-5.084249
-10.337973
-10.592186
-6.355311
0.762637
5.762149
9.321123
6.270574
0.338950
-7.202686
-8.897436
-6.440049
-5.168987
-0.932112
3.813187
4.152137
4.067399
1.694750
3.220024
6.778999
7.372161
10.083761
15.168010
20.167521
20.760684
24.319658
23.726496
22.455433
18.896459
17.964347
15.252747
15.591697
4.660562
15.083272
13.812210
16.439072
16.184860
19.998046
19.150672
17.540659
13.642735
12.371673
10.676923
11.524298
8.558486
11.185348
9.151648
11.185348
7.202686
4.745299
2.626862
3.135287
-0.338950
-0.084737
-2.965812
-4.830037
-10.846398
-10.253236
-12.202198
-10.253236
-8.897436
-4.914774
-3.982662
-2.881074
-5.168987
-2.542125
-5.168987
-7.965324
-13.642735
-8.897436
-9.914286
-10.337973
-15.591697
-14.490110
-20.252259
-22.540171
-24.658608
-24.743346
-25.336508
-26.099145
-29.912332
-30.590232
-31.691819
-30.674969
-29.742857
-26.861783
-25.251770
-22.031746
-22.624908
-18.896459
-16.439072
-12.710623
-12.286935
-7.541636
-4.236874
0.932112
3.135287
6.440049
7.541636
10.337973
11.524298
13.812210
17.540659
18.218559
20.506471
23.218071
24.404396
26.607570
24.489133
18.811722
15.591697
12.625885
10.337973
2.626862
8.134799
5.338462
6.016361
3.813187
3.389499
3.558974
5.931624
4.575824
8.558486
8.134799
9.405861
2.033700
3.728449
-0.169475
-3.389499
-12.117460
-15.676435
-23.133333
-27.793895
-31.352869
-32.369719
-37.877656
-39.911355
-42.622955
-44.656654
-41.690842
-36.437118
-33.217094
-32.200244
-27.454945
-22.116484
-17.964347
-16.354335
-15.845910
-21.438584
-23.641758
-26.099145
-26.438095
-28.556532
-25.929670
-25.929670
-24.573871
-22.794383
-19.659096
-18.472772
-14.913797
-16.100122
-15.168010
-18.133822
-17.371184
-18.472772
-17.964347
-20.421734
-17.116972
-13.557998
-8.982173
-10.253236
-8.219536
-7.626374
-3.728449
-5.084249
-1.271062
-0.169475
2.287912
2.711600
2.881074
7.287424
13.303785
18.133822
24.658608
26.946520
29.488645
23.557021
19.659096
15.930647
20.167521
24.150183
30.166545
31.946032
36.352381
41.267155
43.046642
35.759219
35.250794
34.149206
38.555556
38.047131
38.809768
33.471306
32.284982
32.539194
31.607082
23.895971
14.829060
8.812698
9.151648
15.676435
21.184371
24.150183
30.336020
24.489133
31.268132
29.403907
33.640781
36.945543
43.046642
42.538217
41.182418
40.080830
41.606105
40.673993
37.538706
32.115507
29.488645
28.302320
25.251770
19.320147
11.947985
8.982173
7.880586
4.491087
2.372650
1.355800
-1.779487
-4.914774
-4.321612
-4.152137
-2.457387
-5.762149
-12.880098
-2.965812
4.067399
12.625885
17.625397
23.218071
25.675458
27.031258
25.251770
24.065446
23.133333
20.252259
15.676435
13.303785
9.236386
9.999023
10.931136
8.304274
2.372650
0.593162
-2.203175
-0.423687
-4.236874
-5.253724
-5.338462
-0.762637
-1.440537
-3.982662
-9.914286
-11.270085
-14.066422
-12.625885
-15.337485
-17.625397
-20.421734
-20.675946
-25.251770
-26.183883
-27.709158
-24.912821
-27.878632
-27.370208
-29.403907
-27.370208
-26.692308
-20.506471
-16.947497
-7.033211
-3.728449
0.000000
-1.440537
-2.287912
-4.999512
-4.491087
-3.982662
-2.711600
-1.610012
2.457387
1.186325
1.016850
-0.762637
-0.762637
-5.168987
-7.626374
-9.999023
-10.253236
-11.947985
-12.371673
-17.879609
-17.879609
-23.811233
-22.540171
-26.522833
-26.268620
-29.064957
-25.421245
-24.319658
-22.285958
-23.641758
-20.591209
-23.387546
-24.150183
-28.048107
-26.607570
-27.115995
-25.760195
-25.675458
-22.540171
-25.167033
-20.675946
-20.336996
-19.320147
-21.692796
-17.710134
-15.168010
-8.050061
-9.660073
-9.151648
-12.964835
-8.389011
-10.337973
-10.337973
-9.066911
-4.914774
-7.711111
-7.117949
-7.456899
-4.152137
-5.677411
-4.914774
-9.405861
-7.202686
-12.286935
-9.660073
-12.117460
-9.151648
-9.660073
-6.270574
-9.914286
-9.066911
-8.304274
-3.558974
-4.914774
-0.847375
-2.287912
0.084737
1.525275
4.406349
2.457387
6.778999
6.016361
7.541636
5.846886
8.389011
6.609524
10.253236
9.914286
8.727961
4.067399
7.880586
8.643223
14.405372
15.337485
15.591697
9.151648
7.033211
5.168987
10.592186
13.727473
21.862271
23.387546
24.828083
18.642247
19.404884
18.049084
20.675946
18.896459
9.744811
16.269597
13.388523
8.219536
9.575336
12.032723
16.015385
14.574847
13.219048
7.711111
8.643223
8.134799
10.253236
9.744811
9.660073
2.457387
1.016850
-2.542125
-3.220024
-2.542125
2.626862
1.101587
3.389499
-1.694750
-2.965812
-6.694261
-4.406349
-3.982662
-0.932112
-5.931624
-6.101099
-7.795849
-3.643712
-4.491087
-2.118437
-2.457387
-6.440049
-13.981685
-16.523810
-21.099634
-16.184860
-17.116972
-10.931136
-13.557998
-10.931136
-14.659585
-12.710623
-13.473260
-9.151648
-11.015873
-8.558486
-11.015873
-11.609035
-15.676435
-16.523810
-16.269597
-10.761661
-8.558486
-5.423199
-7.626374
-5.168987
-7.880586
-6.016361
-6.016361
-3.558974
-6.270574
-3.474237
-2.881074
-0.169475
-1.779487
1.101587
-5.084249
-5.084249
-4.914774
-2.796337
-1.864225
3.389499
4.660562
9.914286
8.473748
8.812698
7.626374
9.744811
8.050061
9.236386
4.575824
3.643712
1.271062
2.796337
2.118437
4.660562
5.423199
6.016361
2.033700
4.406349
0.762637
0.677900
-1.779487
3.135287
4.999512
6.609524
2.033700
4.575824
2.881074
5.253724
3.220024
4.067399
1.864225
3.643712
3.897924
6.524786
2.372650
2.881074
-0.084737
-1.440537
-7.626374
-5.423199
-7.033211
-5.762149
-7.287424
-6.101099
-9.236386
-5.931624
-5.084249
-2.965812
-3.643712
-3.220024
-5.677411
-4.406349
-5.253724
-0.677900
-3.220024
-3.220024
-5.846886
-1.186325
-4.491087
-0.932112
-2.965812
-1.101587
-4.067399
-3.982662
-6.270574
-3.982662
-3.304762
1.525275
-2.033700
-0.677900
-6.101099
-2.287912
-3.220024
1.101587
-0.338950
0.593162
-2.626862
-0.084737
-1.694750
4.321612
5.931624
11.609035
10.507448
10.083761
4.745299
6.270574
4.999512
10.253236
9.405861
11.524298
8.982173
9.066911
6.101099
11.439560
10.761661
4.236874
7.880586
7.880586
6.185836
5.931624
3.813187
10.337973
8.304274
7.456899
5.168987
5.931624
3.897924
6.609524
1.440537
3.474237
2.372650
1.525275
-0.338950
-0.254212
-3.050549
-4.491087
-9.914286
-8.727961
-9.575336
-10.253236
-9.914286
-6.270574
-7.033211
-3.982662
-5.846886
-2.287912
-0.254212
1.440537
3.982662
5.931624
3.897924
7.287424
6.440049
10.422711
13.473260
9.236386
8.050061
7.880586
6.101099
4.660562
3.135287
3.304762
1.271062
2.203175
-0.169475
3.050549
2.711600
-0.677900
-5.677411
-9.744811
-10.761661
-11.524298
-11.609035
-12.964835
-12.202198
-13.303785
-11.947985
-12.541148
-12.202198
-12.880098
-11.185348
-8.389011
-4.999512
-2.542125
0.169475
1.440537
4.321612
3.897924
4.321612
2.203175
4.575824
2.287912
1.610012
0.932112
-1.355800
0.000000
1.186325
3.220024
6.270574
2.372650
3.728449
-1.355800
1.864225
-0.423687
0.169475
0.593162
1.186325
-3.474237
-4.067399
-5.931624
-5.338462
-10.168498
-11.693773
-16.015385
-14.659585
-14.913797
-12.456410
-11.947985
-6.440049
-4.575824
-2.626862
-2.457387
0.000000
-1.610012
-1.355800
-2.203175
1.440537
0.508425
2.457387
2.965812
4.067399
0.000000
-1.186325
-4.575824
-4.830037
-8.304274
-6.778999
-10.168498
-8.643223
-10.422711
-10.846398
-13.896947
-14.574847
-17.455922
-14.998535
-15.676435
-10.168498
-11.524298
-10.083761
-11.354823
-6.185836
-6.016361
-1.101587
-0.423687
1.779487
4.406349
8.982173
9.575336
13.303785
12.625885
15.930647
14.151160
15.422222
12.032723
13.049573
9.744811
13.727473
11.947985
11.609035
7.880586
5.084249
0.847375
2.118437
-1.016850
1.525275
-1.610012
-3.982662
-8.473748
-11.439560
-12.117460
-9.914286
-9.744811
-7.117949
-10.592186
-10.761661
-15.337485
-16.862759
-13.388523
-7.626374
-11.947985
-14.490110
-16.608547
-17.710134
-18.049084
-10.253236
-5.084249
-0.932112
-0.508425
-0.423687
-0.677900
-0.338950
-0.338950
-0.423687
-2.457387
-3.304762
-2.118437
-3.558974
-4.321612
3.135287
9.575336
13.812210
13.219048
10.761661
8.558486
5.931624
7.202686
14.744322
20.167521
19.998046
18.726984
12.117460
6.948474
1.016850
1.610012
3.897924
7.965324
11.609035
11.693773
6.863736
10.253236
11.863248
16.523810
18.557509
22.540171
21.777534
24.573871
19.235409
18.896459
14.066422
19.659096
21.353846
22.285958
21.608059
19.065934
16.015385
15.083272
14.490110
22.455433
21.523321
18.981197
9.405861
4.999512
-0.847375
-0.338950
-2.626862
1.948962
1.779487
9.660073
3.050549
11.609035
5.931624
3.728449
-1.271062
-1.948962
-3.728449
-2.965812
-4.406349
-3.304762
-6.609524
-4.067399
-2.033700
2.287912
3.558974
6.270574
6.270574
9.151648
6.524786
5.338462
2.203175
3.728449
0.847375
1.694750
0.847375
2.457387
2.287912
3.474237
-0.593162
-2.033700
-6.355311
-8.897436
-11.863248
-13.303785
-14.744322
-12.625885
-9.829548
-7.456899
-9.744811
-10.337973
-13.049573
-12.117460
-12.710623
-9.490598
-8.389011
-9.236386
-7.880586
-9.744811
-11.609035
-9.490598
-10.422711
-8.643223
-4.914774
-4.321612
-4.575824
-3.643712
-2.796337
-5.677411
-6.863736
-10.931136
-4.067399
-2.033700
2.372650
5.507937
8.897436
9.151648
12.456410
15.506960
19.828571
18.557509
20.082784
17.455922
17.201709
14.574847
13.896947
12.202198
12.880098
7.456899
7.117949
4.745299
6.101099
4.067399
0.762637
-4.067399
-8.643223
-12.625885
-10.761661
-12.032723
-12.032723
-13.388523
-11.439560
-13.388523
-10.422711
-10.676923
-10.931136
-15.083272
-11.185348
-9.914286
-5.253724
-3.474237
-2.203175
-4.152137
-3.135287
-3.813187
-4.745299
-5.253724
-4.236874
-6.778999
-4.830037
-7.117949
-5.338462
-2.796337
2.711600
4.321612
9.151648
8.812698
10.761661
11.015873
13.303785
11.270085
9.744811
6.609524
7.880586
5.507937
6.270574
1.694750
4.067399
1.271062
3.897924
0.593162
0.508425
-3.474237
-2.372650
-4.152137
-2.033700
-4.491087
-1.271062
-4.914774
-4.406349
-4.999512
-1.864225
-5.253724
-8.982173
-14.574847
-14.235897
-16.354335
-13.049573
-15.337485
-15.422222
-20.336996
-23.302808
-25.760195
-22.709646
-19.489621
-15.083272
-16.184860
-17.879609
-20.082784
-16.608547
-12.202198
-7.456899
-8.812698
-6.609524
-13.473260
-9.829548
-10.676923
-3.135287
-1.694750
-2.457387
-3.897924
-6.185836
-12.710623
-14.235897
-16.015385
-16.269597
-19.743834
-19.150672
-16.693284
-14.998535
-14.066422
-11.185348
-6.270574
-1.355800
3.813187
4.491087
5.762149
2.965812
0.000000
-3.474237
-3.897924
-3.982662
-2.287912
-3.050549
-2.033700
-1.101587
2.796337
0.169475
-0.169475
-3.389499
-0.932112
-3.304762
-2.881074
-3.643712
2.796337
6.524786
11.354823
12.032723
17.116972
13.727473
14.320635
12.625885
15.845910
15.337485
18.981197
17.286447
17.710134
12.964835
14.320635
10.592186
10.931136
7.456899
10.761661
8.897436
6.948474
3.643712
1.948962
-3.304762
0.762637
-0.677900
3.813187
2.203175
2.796337
-0.593162
1.694750
-0.593162
-1.864225
-1.525275
2.711600
1.186325
0.762637
1.779487
2.033700
-0.084737
0.000000
-1.186325
0.593162
2.033700
4.321612
4.491087
8.134799
5.677411
8.134799
7.287424
9.405861
9.151648
8.982173
9.321123
11.015873
11.947985
13.642735
9.999023
9.321123
4.152137
2.033700
1.440537
2.372650
2.965812
4.236874
1.525275
-0.593162
-4.406349
-6.863736
-9.236386
-8.558486
-6.948474
-4.236874
-3.813187
-2.372650
0.169475
-0.338950
-2.203175
0.000000
-2.965812
-5.507937
-6.524786
-9.744811
-11.185348
-8.219536
-6.609524
-9.321123
-9.829548
-9.914286
-8.134799
-6.609524
-8.643223
-9.321123
-11.270085
-10.592186
-11.015873
-11.185348
-8.982173
-8.304274
-4.575824
-1.779487
-1.779487
-10.761661
-2.372650
-0.932112
-1.525275
0.169475
0.508425
0.508425
-0.084737
0.169475
-1.271062
0.423687
-0.593162
2.287912
0.847375
-1.355800
-0.847375
0.084737
2.881074
4.745299
2.881074
1.948962
-0.169475
0.508425
2.711600
6.270574
10.931136
16.523810
21.777534
23.302808
21.523321
19.320147
13.642735
11.100611
12.964835
15.676435
18.896459
19.235409
16.778022
13.812210
9.151648
9.321123
11.439560
14.151160
14.235897
12.371673
10.337973
5.592674
6.948474
7.372161
10.761661
11.947985
12.456410
11.015873
9.829548
7.965324
9.914286
9.405861
11.270085
10.253236
9.999023
3.982662
2.796337
-4.491087
-4.491087
-8.643223
-6.609524
-7.541636
-5.931624
-2.542125
2.796337
0.084737
3.220024
1.694750
4.152137
1.779487
3.389499
0.084737
1.016850
-0.932112
4.067399
3.728449
4.575824
3.050549
5.677411
1.779487
2.118437
-1.101587
-0.084737
-3.135287
-0.423687
-3.474237
-2.626862
-3.643712
0.169475
-0.423687
2.118437
-1.779487
0.932112
0.338950
2.881074
3.558974
5.338462
3.728449
4.914774
-1.694750
-1.101587
-2.965812
-0.508425
-2.372650
-1.610012
-1.525275
1.016850
0.000000
5.253724
4.406349
8.304274
8.050061
10.168498
8.558486
7.372161
8.219536
9.829548
7.202686
8.050061
6.694261
7.202686
5.338462
9.321123
9.490598
10.846398
8.050061
6.270574
2.711600
5.762149
3.220024
-0.932112
-9.660073
-14.659585
-23.980708
-28.302320
-32.539194
-31.691819
-31.691819
-28.217582
-30.505495
-27.793895
-28.302320
-27.200733
-24.573871
-20.421734
-19.150672
-12.625885
-12.371673
-11.270085
-12.964835
-14.829060
-17.710134
-15.591697
-17.710134
-17.371184
-17.286447
-13.388523
-11.354823
-6.355311
-4.321612
-2.711600
-7.795849
-9.151648
-11.185348
-12.456410
-9.321123
