-17.511111
-18.665690
-18.088400
-17.414896
-15.586813
-14.047375
-11.449573
-15.971673
-15.586813
-16.067888
-16.548962
-19.242979
-20.782418
-21.455922
-20.686203
-21.071062
-15.875458
-12.989011
-11.642002
-12.892796
-12.989011
-13.854945
-13.470085
-12.026862
-12.123077
-12.411722
-14.143590
-14.817094
-15.394383
-19.242979
-23.765079
-30.500122
-30.403907
-27.421245
-22.321856
-16.164103
-7.119902
-0.288645
3.463736
7.697192
12.411722
17.030037
19.050549
18.088400
15.105739
8.755556
3.463736
0.192430
2.116728
2.212943
6.446398
11.257143
14.528449
12.989011
10.102564
7.600977
4.041026
-0.673504
-4.714530
-7.697192
-8.851770
-9.621490
-10.968498
-10.487424
-5.965324
-1.539438
2.020513
6.735043
11.642002
13.662515
12.892796
11.642002
5.484249
-0.865934
-3.559951
-6.446398
-8.466911
-9.429060
-10.583639
-9.910134
-7.697192
-3.559951
5.099389
10.679853
14.143590
11.160928
4.714530
-0.096215
-4.137241
-5.772894
-5.003175
-2.597802
-1.635653
-2.212943
-1.635653
0.865934
4.906960
9.332845
13.758730
14.432234
13.181441
10.679853
5.869109
-0.384860
-4.522100
-3.752381
-2.309158
-1.250794
-3.559951
-4.425885
-6.542613
-6.446398
-2.886447
-3.944811
-2.694017
-1.443223
-1.635653
0.096215
2.309158
4.137241
5.291819
4.329670
-0.962149
-5.676679
-8.370696
-9.140415
-9.717705
-9.140415
-7.504762
-3.656166
0.288645
2.212943
2.212943
2.886447
3.463736
2.597802
2.309158
5.003175
4.906960
3.367521
2.020513
0.962149
2.982662
6.061538
9.717705
12.123077
13.181441
14.047375
16.067888
18.088400
18.858120
14.143590
10.679853
7.504762
3.944811
1.924298
-1.443223
-3.271306
-1.924298
1.347009
3.271306
2.790232
3.367521
2.309158
4.329670
4.041026
5.869109
7.600977
7.504762
7.408547
6.638828
1.731868
-1.347009
-2.212943
-1.347009
-2.886447
0.096215
1.154579
1.828083
4.714530
3.656166
2.116728
2.309158
2.501587
4.618315
7.119902
6.638828
8.563126
8.370696
8.563126
5.580464
2.020513
-0.865934
-1.924298
-1.924298
-4.618315
-5.291819
-3.463736
-1.731868
-1.731868
-7.408547
-0.673504
-3.367521
-6.831258
-7.697192
-9.621490
-10.679853
-11.642002
-13.470085
-16.356532
-17.992186
-19.916484
-19.242979
-19.627839
-19.050549
-18.858120
-16.164103
-13.951160
-11.930647
-7.985836
-5.869109
-2.886447
-0.481074
0.288645
0.962149
0.000000
1.154579
1.058364
3.656166
4.810745
3.463736
3.752381
2.886447
1.539438
0.384860
0.192430
-0.577289
-1.250794
-0.673504
-1.250794
-1.539438
-0.673504
-2.116728
0.288645
1.347009
-1.731868
-1.154579
0.577289
0.577289
-0.577289
-6.927473
0.673504
1.250794
3.559951
4.810745
3.271306
3.271306
2.886447
2.501587
1.731868
-0.096215
-1.828083
-2.212943
-3.175092
-3.656166
-2.982662
-2.309158
-2.309158
-2.309158
-1.443223
-2.405372
-3.559951
-3.271306
-3.367521
-3.752381
-3.367521
-2.597802
-2.212943
-4.714530
-5.676679
-5.291819
-4.329670
-3.463736
-0.865934
2.790232
2.309158
3.559951
5.772894
8.370696
8.466911
7.504762
6.542613
4.522100
3.175092
2.116728
0.769719
0.865934
2.886447
1.635653
-0.192430
-3.752381
-6.638828
-9.621490
-12.026862
-14.336020
-16.067888
-18.665690
-21.936996
-20.878632
-17.318681
-14.336020
-12.796581
-11.545788
-5.869109
-4.522100
-3.848596
-2.694017
-1.154579
-0.481074
-1.443223
-2.501587
-0.577289
-1.154579
-0.769719
-0.481074
-1.828083
0.577289
-0.288645
0.865934
0.865934
-0.288645
-0.384860
0.481074
0.096215
-0.865934
-0.577289
0.096215
1.347009
3.078877
2.694017
2.501587
3.271306
3.463736
4.618315
6.061538
8.466911
12.026862
14.720879
13.470085
12.796581
11.834432
11.834432
11.642002
15.586813
17.318681
15.490598
14.528449
14.239805
12.315507
15.971673
17.222466
19.627839
21.071062
19.050549
15.875458
13.181441
15.394383
19.050549
18.569475
15.779243
12.219292
8.370696
6.157753
5.484249
7.023687
10.776068
9.525275
8.659341
3.367521
-2.212943
-5.099389
-1.539438
6.350183
11.545788
11.449573
9.525275
6.157753
1.828083
-3.559951
-4.329670
-2.694017
1.731868
2.020513
-1.539438
-4.329670
-5.003175
-5.484249
0.000000
1.443223
-2.116728
-6.061538
-8.851770
-9.813919
-7.504762
-1.058364
6.061538
7.985836
1.443223
-4.618315
-8.851770
-7.600977
-3.078877
2.501587
8.659341
6.157753
2.116728
-3.848596
-9.429060
-8.274481
-2.694017
3.175092
6.831258
5.676679
2.212943
1.154579
3.944811
8.274481
11.545788
13.277656
10.968498
7.600977
6.061538
6.735043
6.927473
10.583639
4.618315
8.178266
3.944811
1.731868
1.154579
3.175092
7.504762
14.432234
19.146764
26.651526
32.039560
35.695726
38.101099
39.544322
37.620024
36.273016
22.321856
30.500122
24.919658
20.301343
18.665690
17.030037
14.432234
9.525275
3.463736
-4.714530
-9.525275
-13.373871
-13.566300
-11.160928
-10.872283
-8.466911
-14.047375
-18.377045
-23.861294
-26.074237
-28.383394
-28.094750
-27.036386
-25.881807
-27.228816
-31.366056
-33.097924
-34.926007
-37.620024
-35.503297
-33.194139
-33.482784
-35.599512
-38.389744
-40.410256
-41.276190
-37.235165
-30.500122
-25.689377
-23.668864
-20.589988
-17.414896
-13.951160
-15.298168
-14.239805
-13.854945
-16.645177
-18.280830
-20.108913
-20.397558
-20.205128
-18.665690
-16.260317
-12.507937
-10.487424
-11.064713
-13.373871
-11.834432
-13.854945
-17.126252
-13.854945
-8.178266
-5.388034
-1.635653
0.577289
2.597802
4.522100
7.119902
11.160928
15.971673
20.108913
20.974847
20.686203
19.916484
18.473260
18.473260
17.992186
16.933822
16.067888
15.201954
15.105739
14.336020
12.796581
12.892796
15.201954
18.280830
21.071062
22.610501
21.552137
19.242979
15.875458
13.758730
14.143590
11.545788
8.082051
6.446398
4.329670
2.982662
3.175092
3.271306
2.982662
2.982662
0.962149
0.577289
-0.481074
-4.041026
-6.542613
-10.198779
-12.796581
-16.452747
-19.627839
-24.631013
-30.019048
-33.290354
-33.771429
-34.541148
-31.750916
-30.115263
-26.266667
-25.978022
-23.380220
-23.476435
-22.899145
-20.493773
-20.301343
-16.645177
-13.951160
-11.834432
-7.600977
-4.329670
-1.154579
-0.192430
2.790232
2.982662
1.347009
-1.058364
-1.154579
-0.481074
3.559951
7.312332
12.892796
14.528449
15.586813
16.741392
18.280830
18.473260
21.359707
24.919658
27.806105
28.864469
25.978022
26.074237
26.459096
26.940171
29.634188
28.672039
27.132601
24.534799
19.916484
17.222466
14.720879
11.738217
9.236630
6.061538
6.638828
6.446398
9.525275
10.872283
11.064713
12.219292
12.892796
12.219292
12.315507
10.679853
8.274481
7.889621
8.274481
6.157753
6.253968
5.965324
7.697192
8.370696
7.312332
7.312332
8.659341
8.082051
7.023687
6.350183
7.216117
5.003175
0.962149
-6.735043
-11.930647
-15.009524
-14.913309
-12.026862
-9.044200
-6.927473
-6.542613
-9.044200
-9.621490
-8.755556
-5.195604
0.000000
6.735043
10.102564
13.085226
11.257143
7.408547
4.906960
2.020513
-0.096215
-2.020513
-5.676679
-11.257143
-17.703541
-20.205128
-23.572650
-20.397558
-18.088400
-16.260317
-18.761905
-25.015873
-28.672039
-30.692552
-30.596337
-26.074237
-21.455922
-18.761905
-18.377045
-17.799756
-18.761905
-14.528449
-11.642002
-5.965324
1.250794
0.481074
-0.192430
-2.212943
-5.965324
-5.291819
-2.694017
0.384860
3.656166
2.501587
1.828083
1.154579
2.597802
4.233455
7.023687
11.545788
17.318681
19.435409
18.473260
18.473260
18.377045
19.627839
21.840781
27.902320
30.211477
29.634188
26.555311
26.940171
29.153114
28.190965
28.575824
24.631013
25.978022
24.438584
22.802930
20.397558
19.242979
18.665690
14.720879
9.140415
5.195604
0.673504
-1.539438
0.000000
0.192430
-0.769719
-2.116728
-6.061538
-6.061538
-6.735043
-5.388034
-4.618315
-5.484249
-9.140415
-11.545788
-12.123077
-10.776068
-11.160928
-7.985836
-7.312332
-5.869109
-2.212943
-2.212943
-2.405372
-4.041026
-7.119902
-8.563126
-9.621490
-9.717705
-9.044200
-7.216117
-6.157753
-1.250794
2.116728
5.003175
3.848596
4.233455
4.233455
3.559951
2.886447
3.656166
4.810745
5.388034
3.078877
-0.673504
-6.350183
-11.449573
-11.449573
-9.717705
-8.659341
-5.772894
-4.425885
-7.023687
-8.370696
-7.504762
-8.082051
-5.965324
-10.679853
-11.353358
-10.006349
-9.332845
-6.927473
-3.656166
-2.982662
-3.078877
-3.271306
-3.078877
-2.020513
0.673504
0.769719
2.790232
5.484249
6.253968
5.388034
5.772894
3.656166
6.831258
5.580464
4.906960
3.656166
2.982662
0.673504
2.020513
3.078877
1.731868
1.539438
-0.962149
-1.443223
-2.790232
-5.580464
-6.350183
-4.425885
-2.020513
-1.635653
0.577289
-0.384860
-1.347009
-0.962149
-2.309158
-1.731868
-2.790232
-3.078877
-5.869109
-6.446398
-8.178266
-7.216117
-6.253968
-5.965324
-5.388034
-5.388034
-7.023687
-6.735043
-6.735043
-6.638828
-5.676679
-3.848596
-3.367521
-6.735043
-6.061538
-6.735043
-8.370696
-6.638828
-6.157753
-5.291819
-3.944811
-5.388034
-6.157753
-4.425885
-3.848596
-1.154579
1.731868
2.982662
2.020513
2.982662
1.635653
2.597802
-1.250794
3.752381
2.790232
-1.539438
-5.291819
-6.927473
-8.178266
-9.525275
-6.638828
-4.618315
-1.443223
1.250794
3.271306
6.638828
8.563126
11.064713
13.566300
12.507937
15.009524
16.260317
15.394383
16.548962
15.105739
12.700366
11.545788
10.872283
11.353358
11.353358
11.930647
10.776068
10.391209
11.449573
9.140415
8.755556
7.408547
8.466911
12.315507
17.992186
22.225641
24.631013
28.287179
29.826618
31.462271
33.097924
33.482784
33.578999
30.692552
27.325031
25.593162
25.881807
26.651526
27.325031
26.459096
24.438584
21.936996
17.414896
12.796581
12.892796
12.123077
13.470085
12.315507
9.910134
4.041026
-2.020513
-4.906960
-4.714530
-3.271306
-0.673504
-1.347009
-0.673504
-1.250794
-5.388034
-6.157753
-3.078877
-0.481074
-1.058364
-5.195604
-6.735043
-10.102564
-12.892796
-13.662515
-11.930647
-8.370696
-7.697192
-8.563126
-10.391209
-11.353358
-12.989011
-15.875458
-16.067888
-14.239805
-12.989011
-9.910134
-7.023687
-3.848596
-0.962149
0.000000
0.865934
-0.288645
-0.096215
-2.020513
-5.195604
-8.563126
-10.487424
-12.026862
-15.009524
-16.741392
-17.799756
-18.377045
-17.222466
-16.548962
-17.414896
-17.703541
-20.108913
-22.321856
-23.861294
-27.325031
-26.555311
-27.228816
-26.074237
-26.266667
-25.881807
-25.208303
-25.112088
-25.112088
-23.668864
-22.995360
-21.648352
-17.895971
-17.030037
-14.624664
-13.854945
-12.315507
-12.411722
-11.353358
-12.123077
-11.738217
-11.738217
-13.181441
-12.989011
-12.123077
-12.796581
-14.047375
-14.913309
-13.470085
-13.085226
-10.583639
-8.851770
-5.965324
-4.233455
-4.233455
-4.233455
-5.003175
-4.041026
-3.752381
-2.982662
-2.309158
-0.769719
0.000000
-1.828083
-3.656166
-5.195604
-4.714530
-2.309158
3.752381
6.542613
4.714530
-0.481074
-10.006349
-16.645177
-18.184615
-16.067888
-10.679853
-6.927473
-5.965324
-10.487424
-14.143590
-15.875458
-13.181441
-8.851770
-4.329670
-5.484249
-10.102564
-15.779243
-16.067888
-13.085226
-5.195604
2.597802
3.559951
-0.865934
-6.927473
-10.679853
-7.793407
-3.463736
4.714530
10.391209
12.026862
7.312332
5.580464
4.714530
6.638828
11.545788
18.088400
16.741392
10.679853
1.347009
-2.405372
1.250794
6.735043
12.219292
14.624664
12.411722
8.178266
6.061538
5.580464
8.178266
13.085226
12.892796
9.813919
9.813919
8.274481
10.198779
12.989011
15.105739
19.820269
22.418071
20.205128
18.280830
19.435409
18.377045
17.222466
19.820269
22.802930
25.978022
26.362882
27.036386
27.998535
29.441758
32.424420
38.870818
41.949695
42.911844
43.008059
40.506471
36.561661
33.194139
29.345543
25.785592
21.071062
15.490598
9.429060
5.676679
2.405372
-2.405372
-3.078877
-2.405372
-4.810745
-6.157753
-6.927473
-9.236630
-11.930647
-12.700366
-15.105739
-15.105739
-14.143590
-11.738217
-9.910134
-9.044200
-11.834432
-11.930647
-12.796581
-12.123077
-8.659341
-7.697192
-8.659341
-8.755556
-10.679853
-15.394383
-17.318681
-17.030037
-15.298168
-12.604151
-9.910134
-10.294994
-10.583639
-12.411722
-15.009524
-15.490598
-12.700366
-11.257143
-10.583639
-10.872283
-13.181441
-17.318681
-18.569475
-17.414896
-16.356532
-14.913309
-14.239805
-10.872283
-4.041026
1.828083
7.023687
12.219292
14.239805
15.298168
16.356532
12.700366
10.391209
3.848596
-2.501587
-7.985836
-8.755556
-7.889621
-7.119902
-8.659341
-12.700366
-13.566300
-13.854945
-13.373871
-14.624664
-13.085226
-11.353358
-9.429060
-5.388034
-3.848596
-1.828083
-2.020513
-4.425885
-7.312332
-11.449573
-13.181441
-12.507937
-9.910134
-7.600977
-6.735043
-9.429060
-11.642002
-11.930647
-10.776068
-7.793407
-3.656166
-0.673504
-0.673504
-4.425885
-8.466911
-8.466911
-8.178266
-7.119902
-6.350183
-7.985836
-12.026862
-14.143590
-14.913309
-12.796581
-7.023687
-6.350183
-8.466911
-15.105739
-19.627839
-19.820269
-19.050549
-17.318681
-16.164103
-13.085226
-10.391209
-10.294994
-8.563126
-5.580464
-13.854945
-0.962149
4.714530
11.257143
17.992186
19.050549
19.724054
19.339194
19.916484
20.493773
25.208303
29.922833
29.730403
29.345543
27.036386
26.940171
26.362882
24.438584
26.940171
31.269841
31.654701
29.249328
27.709890
26.074237
25.304518
28.960684
34.252503
36.657875
32.809280
28.190965
20.878632
18.954335
19.435409
20.686203
20.108913
18.280830
16.452747
16.837607
16.837607
16.933822
18.858120
20.012698
19.916484
17.799756
13.854945
10.294994
11.545788
8.178266
5.195604
5.580464
5.195604
6.735043
9.813919
11.064713
8.755556
8.851770
9.910134
16.452747
18.377045
21.744567
21.552137
19.820269
18.473260
18.761905
20.012698
22.418071
22.514286
24.149939
20.012698
18.377045
13.758730
10.487424
9.332845
-1.154579
6.831258
3.559951
1.058364
1.539438
2.405372
6.253968
9.332845
8.370696
9.140415
10.776068
12.315507
11.738217
9.429060
9.044200
9.044200
8.082051
7.600977
6.638828
4.906960
2.694017
1.731868
2.694017
3.078877
5.291819
5.003175
1.443223
-0.769719
-1.443223
-5.388034
-6.542613
-10.872283
-10.006349
-12.315507
-15.779243
-16.933822
-16.933822
-18.280830
-21.455922
-23.284005
-24.631013
-24.534799
-25.496947
-29.153114
-27.806105
-29.345543
-28.383394
-27.132601
-24.438584
-21.744567
-19.627839
-15.779243
-16.452747
-14.913309
-15.683028
-15.009524
-16.548962
-21.263492
-23.476435
-23.765079
-25.400733
-25.978022
-26.362882
-24.631013
-24.631013
-24.919658
-26.651526
-24.149939
-23.861294
-22.321856
-21.167277
-20.686203
-19.916484
-20.589988
-24.053724
-22.225641
-19.916484
-17.030037
-14.817094
-14.143590
-13.566300
-15.009524
-15.394383
-15.490598
-16.260317
-17.511111
-17.318681
-16.356532
-14.720879
-12.892796
-13.373871
-13.085226
-14.432234
-14.624664
-14.047375
-16.164103
-17.126252
-16.645177
-14.624664
-11.064713
-11.834432
-13.277656
-13.758730
-14.624664
-12.026862
-11.353358
-10.583639
-10.198779
-8.563126
-5.580464
-4.329670
0.000000
6.157753
7.216117
11.064713
11.545788
10.487424
7.889621
7.216117
5.580464
3.656166
3.078877
5.003175
6.350183
7.504762
5.772894
6.638828
7.119902
7.889621
6.735043
6.061538
6.350183
7.312332
7.312332
6.735043
6.831258
6.350183
6.735043
6.253968
8.082051
8.755556
9.236630
9.236630
1.731868
9.044200
11.834432
12.700366
10.487424
10.679853
9.140415
9.236630
10.776068
12.123077
13.854945
13.277656
12.411722
12.892796
14.047375
14.624664
16.837607
16.164103
15.586813
15.490598
14.528449
16.356532
17.222466
18.569475
17.992186
20.686203
21.744567
21.936996
21.167277
21.263492
21.552137
18.473260
17.030037
15.779243
14.817094
16.741392
17.414896
19.724054
23.284005
22.706716
25.496947
28.190965
29.634188
28.479609
26.555311
26.362882
23.668864
22.610501
19.916484
17.414896
16.452747
16.741392
15.683028
13.373871
9.813919
7.216117
5.195604
5.869109
5.772894
5.291819
5.484249
4.425885
4.906960
3.271306
1.154579
0.192430
-1.154579
-0.384860
0.769719
1.828083
1.058364
-1.058364
-1.347009
-2.790232
0.769719
0.673504
1.443223
1.731868
1.154579
-1.539438
-4.522100
-6.253968
-5.195604
-2.597802
0.192430
2.886447
0.384860
-3.078877
-5.965324
-10.006349
-12.604151
-25.496947
-17.414896
-18.184615
-16.837607
-16.741392
-16.933822
-17.318681
-17.511111
-19.339194
-19.916484
-20.974847
-24.246154
-26.170452
-26.362882
-27.709890
-27.421245
-28.287179
-28.383394
-28.575824
-26.074237
-26.170452
-25.400733
-22.514286
-23.572650
-26.074237
-25.593162
-26.266667
-23.765079
-22.321856
-22.514286
-22.514286
-24.342369
-27.036386
-28.960684
-30.115263
-28.768254
-28.190965
-25.400733
-24.342369
-22.514286
-20.205128
-18.377045
-17.799756
-15.586813
-17.511111
-13.085226
-7.600977
-1.828083
2.212943
2.694017
0.865934
-0.577289
-2.309158
-2.597802
-1.347009
-1.924298
-1.250794
-1.154579
2.309158
6.061538
10.583639
14.624664
14.624664
13.662515
15.105739
15.683028
16.260317
15.394383
16.164103
15.586813
15.201954
14.432234
14.047375
14.528449
19.435409
18.665690
21.840781
24.727228
21.552137
23.765079
25.112088
24.053724
20.205128
12.604151
2.982662
-2.020513
-2.597802
-2.309158
0.096215
1.154579
3.752381
4.618315
1.347009
0.481074
0.577289
1.635653
0.000000
0.577289
1.828083
0.288645
0.865934
3.367521
5.484249
6.638828
7.312332
6.927473
5.195604
5.195604
5.580464
3.848596
3.367521
-0.962149
-2.212943
-3.944811
-1.250794
-1.635653
-3.271306
-5.965324
-8.659341
-11.449573
-13.951160
-15.105739
-17.030037
-19.146764
-20.205128
-22.706716
-21.071062
-19.339194
-17.318681
-13.085226
-12.026862
-7.312332
-5.869109
-7.793407
-9.813919
-13.470085
-14.817094
-16.067888
-15.779243
-16.548962
-16.260317
-15.971673
-14.913309
-13.662515
-13.277656
-14.047375
-14.143590
-13.566300
-11.064713
-11.738217
-6.638828
-3.656166
-0.384860
5.484249
12.219292
14.432234
15.779243
14.047375
12.989011
13.373871
14.624664
13.181441
12.507937
12.989011
11.545788
11.545788
2.597802
15.683028
18.569475
18.184615
18.473260
17.414896
19.146764
22.514286
24.823443
25.785592
24.727228
22.995360
20.493773
16.837607
13.085226
11.642002
12.123077
9.910134
8.563126
6.253968
1.443223
-5.099389
-6.157753
-8.082051
-7.985836
-3.848596
0.000000
1.731868
1.635653
-2.694017
-5.869109
-10.391209
-10.294994
-7.216117
-4.522100
-4.810745
-11.064713
-18.473260
-23.765079
-24.631013
-19.146764
-10.294994
-8.082051
-8.178266
-12.026862
-17.318681
-16.645177
-10.391209
-4.906960
-1.250794
-1.058364
-4.137241
-6.350183
-8.466911
-5.003175
-2.116728
-1.731868
-1.539438
-0.192430
-0.673504
0.000000
0.769719
-1.635653
-6.735043
-13.854945
-19.050549
-22.610501
-22.129426
-21.455922
-20.493773
-22.610501
-24.823443
-27.036386
-28.672039
-30.211477
-29.634188
-28.575824
-24.919658
-20.205128
-15.586813
-12.411722
-8.659341
-6.061538
-2.694017
2.020513
6.253968
11.064713
12.411722
11.834432
12.989011
15.779243
18.473260
23.861294
23.476435
22.995360
23.957509
22.802930
24.919658
28.190965
31.366056
32.905495
34.252503
32.520635
33.386569
31.943346
31.173626
31.462271
31.269841
33.867643
35.791941
34.829792
34.829792
35.022222
34.156288
32.905495
24.727228
29.537973
26.940171
25.881807
23.572650
21.552137
18.473260
14.624664
11.160928
9.140415
9.332845
9.236630
9.621490
9.140415
12.411722
12.315507
14.336020
14.239805
15.298168
11.642002
18.473260
19.435409
19.339194
19.050549
20.493773
19.242979
19.627839
17.607326
18.665690
18.761905
17.126252
14.432234
13.854945
12.026862
9.044200
3.944811
1.731868
1.924298
6.157753
10.006349
13.181441
14.143590
13.470085
12.219292
10.679853
10.102564
8.851770
9.332845
9.910134
10.679853
10.968498
11.353358
6.927473
3.944811
0.000000
-1.539438
-2.501587
-1.154579
0.288645
2.501587
5.003175
5.772894
5.965324
6.350183
8.370696
4.906960
2.886447
1.443223
-1.443223
-5.869109
-9.813919
-10.872283
-12.604151
-11.449573
-11.064713
-9.525275
-4.714530
-2.116728
-0.192430
4.233455
5.291819
3.271306
0.577289
-3.271306
-5.580464
-6.061538
-5.772894
-6.542613
-11.160928
-18.858120
-27.228816
-31.943346
-31.847131
-29.826618
-23.572650
-25.400733
-30.019048
-35.791941
-39.736752
-38.967033
-35.984371
-29.056899
-24.631013
-25.400733
-28.287179
-30.307692
-31.366056
-30.115263
-26.940171
-21.263492
-17.607326
-14.913309
-12.315507
-12.604151
-12.219292
-11.449573
-11.545788
-11.449573
-13.566300
-15.490598
-19.050549
-24.919658
-22.321856
-21.552137
-22.033211
-25.400733
-27.036386
-27.421245
-25.593162
-24.053724
-23.861294
-23.476435
-22.225641
-18.569475
-17.703541
-17.126252
-15.201954
-12.604151
-9.621490
-7.793407
-4.522100
-4.714530
-6.061538
-10.872283
-15.971673
-20.974847
-21.071062
-19.339194
-17.607326
-18.088400
-17.414896
-13.277656
-6.446398
-2.405372
-1.058364
-1.731868
-1.347009
-0.192430
3.271306
3.463736
4.041026
2.790232
2.116728
-0.192430
-1.154579
-3.559951
-2.020513
-3.656166
-4.329670
-5.388034
-5.580464
-3.944811
-1.058364
2.501587
4.714530
5.195604
6.542613
4.906960
4.522100
1.635653
-1.635653
