0.288645
4.618315
4.714530
3.078877
0.288645
-2.405372
-1.635653
-4.714530
-7.985836
-8.563126
-5.869109
-3.944811
-1.058364
-1.154579
-0.962149
-1.635653
-2.886447
-2.405372
-3.463736
-8.755556
-10.872283
-8.466911
-6.831258
-6.542613
-3.848596
-0.192430
-1.154579
-5.388034
-3.559951
-7.408547
-6.927473
-6.157753
-3.752381
-1.635653
-4.041026
-4.041026
-2.982662
1.731868
0.865934
-1.539438
-5.003175
-5.195604
-5.772894
-8.370696
-5.291819
-5.772894
-4.233455
-5.291819
-4.810745
-7.023687
-7.119902
-6.253968
-3.271306
-1.731868
-0.384860
-2.116728
-3.463736
-2.790232
-1.058364
-1.347009
-3.367521
-4.233455
-2.982662
-2.212943
0.288645
-0.962149
-0.962149
0.384860
-3.559951
-2.982662
0.769719
-1.635653
-0.096215
-2.309158
3.463736
0.865934
2.790232
6.638828
8.082051
6.350183
1.250794
-3.559951
-5.003175
-2.886447
-0.769719
-0.769719
0.769719
5.291819
5.484249
4.522100
6.638828
4.233455
-0.096215
-0.384860
-1.058364
-0.384860
1.154579
2.694017
2.886447
0.384860
-2.597802
-0.865934
-2.116728
-2.886447
-2.886447
-3.463736
-0.481074
2.020513
1.828083
0.096215
1.058364
2.116728
-0.481074
-0.769719
-2.982662
-2.597802
0.000000
-0.096215
-2.694017
-1.539438
-2.982662
-1.154579
0.865934
-1.924298
-2.405372
-3.463736
-2.597802
-4.233455
-2.116728
-5.291819
4.522100
3.656166
1.347009
0.288645
-1.635653
-3.656166
0.000000
-0.096215
-2.116728
-1.924298
-2.501587
-0.769719
-0.192430
-0.769719
-3.271306
-3.367521
-5.003175
-3.944811
-2.020513
-2.405372
0.481074
0.769719
2.212943
-0.481074
-2.020513
-1.924298
-4.041026
-2.982662
-1.828083
0.481074
4.906960
3.559951
1.731868
-1.154579
-3.463736
-6.157753
-6.927473
-5.388034
-5.003175
-5.676679
-2.694017
0.192430
3.271306
3.848596
0.673504
-0.769719
-2.886447
-1.828083
2.116728
3.848596
5.291819
6.350183
6.157753
4.522100
2.405372
0.769719
-0.865934
0.096215
2.212943
2.020513
3.078877
2.501587
1.347009
-0.577289
1.250794
0.384860
-1.539438
-2.501587
0.865934
3.752381
6.350183
5.580464
1.731868
0.192430
0.962149
2.020513
1.924298
0.962149
-0.192430
0.384860
3.078877
2.309158
2.212943
0.288645
-1.250794
-2.982662
-1.250794
-2.597802
-0.288645
0.481074
3.367521
1.347009
0.962149
0.673504
-0.865934
-2.405372
-0.769719
0.769719
1.443223
4.041026
5.676679
4.618315
-0.288645
-3.559951
-3.752381
-3.271306
-3.848596
-1.924298
-1.539438
-1.635653
-1.154579
-1.347009
-1.154579
-0.769719
-0.962149
-5.195604
-6.735043
-5.388034
-3.078877
-2.020513
0.577289
-1.347009
-5.003175
-5.003175
-1.154579
-2.020513
-2.212943
-3.848596
0.000000
4.041026
4.329670
2.405372
0.481074
-0.769719
-2.597802
-2.982662
-0.865934
0.288645
1.924298
0.769719
-0.673504
-2.982662
-2.309158
1.154579
3.944811
5.580464
5.869109
2.886447
4.041026
6.061538
6.350183
7.793407
3.559951
-1.635653
1.154579
4.714530
6.831258
7.216117
6.350183
5.484249
3.752381
3.656166
4.714530
5.003175
5.291819
3.271306
3.175092
3.656166
5.580464
5.965324
4.137241
1.635653
0.000000
0.577289
1.443223
-1.154579
-3.752381
-4.906960
-6.735043
-8.851770
-4.329670
1.058364
5.099389
4.137241
4.810745
4.810745
4.522100
5.388034
2.982662
-0.769719
-4.137241
-6.638828
-6.638828
-5.869109
-2.982662
2.020513
3.367521
3.175092
2.982662
-0.769719
-0.384860
-1.731868
3.271306
3.752381
5.580464
3.078877
-0.962149
-1.443223
0.192430
-1.154579
-1.924298
-3.463736
-0.962149
1.058364
-1.731868
-4.810745
-7.023687
-6.061538
-6.831258
-6.927473
-5.003175
-4.329670
-3.559951
-4.329670
-4.522100
-2.982662
-0.096215
0.192430
-0.962149
-1.635653
-0.673504
2.405372
2.020513
0.096215
-0.673504
0.000000
-0.865934
-0.769719
2.886447
5.099389
5.195604
4.810745
2.597802
1.154579
1.154579
2.501587
3.175092
2.020513
0.673504
1.924298
2.212943
5.869109
5.869109
5.869109
3.463736
0.865934
3.367521
5.291819
6.350183
6.735043
5.003175
3.944811
5.484249
7.408547
9.429060
7.793407
5.195604
4.618315
1.635653
1.635653
1.058364
-3.463736
-0.962149
-0.962149
0.192430
0.096215
0.481074
0.000000
0.673504
1.924298
0.769719
-2.020513
-1.347009
-1.058364
-0.288645
-2.597802
-3.367521
-3.271306
-4.041026
-1.539438
-1.058364
-0.865934
-1.828083
-2.020513
-2.790232
-1.539438
-3.367521
-4.810745
-3.367521
-1.539438
0.384860
0.000000
-2.405372
-5.195604
-4.906960
-2.020513
1.154579
0.000000
-3.752381
-5.580464
-7.985836
-5.869109
-1.347009
0.096215
-1.731868
-6.350183
-7.793407
-6.061538
-5.388034
-3.175092
-1.731868
-1.635653
-2.790232
-5.003175
-3.367521
0.096215
0.096215
-4.522100
-6.061538
-6.157753
-4.810745
-1.635653
-2.886447
-3.463736
-4.810745
-2.405372
1.250794
1.828083
1.058364
-0.288645
0.192430
0.962149
1.250794
0.865934
2.597802
4.233455
6.927473
6.927473
2.405372
-1.539438
-0.288645
2.886447
4.906960
4.810745
0.673504
-8.370696
-5.484249
3.656166
7.312332
5.869109
2.501587
-1.154579
-1.250794
0.673504
1.443223
3.175092
2.116728
0.096215
-1.924298
0.384860
2.116728
3.367521
3.559951
2.116728
2.694017
2.309158
1.058364
-2.020513
-0.481074
1.058364
2.309158
0.000000
-3.367521
-1.828083
-2.309158
-2.982662
-1.250794
-1.731868
-0.192430
-1.924298
-3.559951
-4.233455
-6.735043
-8.274481
-4.425885
-1.347009
1.154579
1.539438
-0.673504
-3.078877
-5.965324
-8.466911
-5.291819
-3.271306
-2.020513
-1.443223
-1.924298
-3.463736
-2.116728
-1.539438
-0.481074
1.058364
1.347009
-1.347009
0.577289
-0.288645
2.309158
2.309158
4.329670
5.772894
3.752381
-0.865934
-2.309158
-0.673504
-0.577289
2.405372
1.828083
-2.982662
-3.848596
-2.405372
0.865934
4.233455
5.291819
-0.865934
-2.597802
-0.481074
-0.673504
-0.865934
-2.886447
-3.944811
-3.559951
-1.347009
1.250794
2.694017
3.559951
1.154579
1.731868
1.058364
2.982662
4.714530
2.790232
1.924298
-0.096215
2.116728
-2.597802
0.192430
-0.192430
-0.481074
-2.597802
-0.288645
1.250794
2.790232
2.212943
1.539438
0.577289
-2.982662
-1.539438
-0.288645
0.673504
-1.443223
-2.982662
-2.501587
-1.250794
-0.384860
0.769719
-1.924298
-3.078877
-2.501587
-0.865934
-0.096215
-9.140415
-2.886447
-3.175092
-4.522100
-4.714530
-2.212943
2.501587
-0.192430
-5.388034
-6.638828
-3.367521
-0.384860
2.212943
1.058364
1.539438
-0.577289
0.865934
0.769719
0.288645
-2.212943
-5.580464
-8.563126
-4.714530
-2.597802
-1.154579
-1.347009
0.192430
1.828083
1.347009
-0.481074
-3.271306
-2.501587
0.384860
2.212943
3.175092
2.694017
0.384860
-0.962149
-1.828083
-2.886447
-1.924298
-3.078877
-1.154579
2.309158
2.597802
1.154579
1.443223
2.212943
3.944811
4.041026
0.962149
-0.192430
-0.384860
2.501587
2.501587
4.714530
2.212943
-0.288645
-0.962149
2.982662
1.828083
-0.673504
-1.539438
0.288645
3.367521
4.522100
4.137241
2.982662
0.000000
-2.982662
-2.212943
0.577289
4.329670
4.233455
4.329670
3.944811
4.329670
7.504762
8.947985
5.484249
2.790232
-1.443223
-0.384860
2.982662
5.580464
5.676679
2.309158
-0.673504
-2.501587
-0.288645
5.676679
5.965324
4.618315
1.635653
0.000000
0.192430
3.271306
1.828083
0.288645
2.116728
0.577289
0.000000
1.828083
4.137241
3.752381
2.694017
-0.192430
-2.694017
-2.501587
0.000000
2.405372
4.329670
0.769719
0.673504
0.192430
0.481074
-1.347009
-0.481074
0.192430
0.769719
-1.058364
-1.443223
-1.154579
-0.769719
-2.790232
-3.271306
-0.481074
1.731868
4.329670
4.810745
1.635653
0.384860
0.865934
0.865934
3.367521
2.405372
2.501587
1.154579
-0.384860
-1.443223
3.463736
2.405372
-4.233455
1.924298
0.192430
0.192430
1.539438
5.099389
3.367521
2.116728
-0.192430
-2.405372
-3.175092
-1.250794
0.000000
-0.481074
-0.962149
0.384860
1.635653
-1.635653
-3.463736
-1.539438
-0.865934
1.250794
0.192430
1.154579
0.000000
1.731868
1.347009
-0.288645
0.865934
2.116728
0.096215
-2.597802
-2.116728
2.020513
4.618315
4.618315
5.676679
4.329670
3.656166
2.694017
2.790232
0.769719
-2.597802
-1.828083
-0.673504
3.271306
2.886447
3.175092
0.192430
0.577289
-1.347009
-2.886447
0.865934
0.769719
-0.096215
-2.790232
-4.618315
-5.484249
-4.041026
-1.154579
1.058364
-1.924298
-0.962149
-1.731868
-1.250794
-2.597802
-4.329670
-1.828083
-2.694017
-4.233455
-3.848596
-2.212943
-3.463736
-2.309158
-1.443223
-0.577289
-2.501587
-6.927473
-6.638828
-2.597802
-8.082051
1.058364
2.790232
-0.192430
-0.962149
-0.288645
0.096215
-1.443223
-2.694017
-3.271306
-2.116728
-0.481074
1.443223
1.443223
1.443223
0.000000
0.000000
0.384860
2.982662
4.137241
1.828083
-0.096215
-1.058364
0.673504
-0.481074
-1.924298
-2.405372
-2.790232
-5.676679
-3.463736
0.288645
2.597802
-6.157753
1.828083
4.522100
5.772894
3.078877
-0.192430
-3.271306
-3.944811
-0.865934
2.597802
3.463736
2.886447
2.694017
2.212943
4.810745
7.504762
7.216117
5.003175
3.463736
4.041026
4.810745
5.291819
6.350183
7.889621
7.119902
4.714530
4.233455
5.003175
5.965324
6.157753
4.137241
2.501587
3.559951
3.078877
4.329670
4.714530
4.906960
-0.481074
-2.694017
-1.443223
0.000000
1.539438
2.886447
-0.865934
-3.271306
-4.233455
-1.731868
0.962149
2.020513
0.000000
-4.714530
-7.600977
-6.157753
-4.714530
-3.656166
-3.944811
-4.137241
-6.927473
-7.889621
-5.580464
-5.099389
-1.924298
-0.384860
-2.501587
-5.003175
-5.484249
-1.058364
0.673504
0.673504
0.000000
-3.078877
-2.116728
-0.384860
-0.673504
-0.384860
-1.539438
-1.731868
-3.175092
-5.676679
-6.157753
-2.212943
-2.501587
-3.944811
0.000000
2.020513
3.848596
2.886447
-0.192430
-2.886447
-2.501587
-2.597802
1.539438
3.175092
4.522100
2.790232
1.539438
0.769719
2.116728
3.078877
0.577289
-3.752381
-2.405372
-1.443223
-3.271306
-1.924298
-1.347009
-0.096215
0.962149
0.769719
2.116728
1.828083
0.000000
1.443223
2.212943
0.288645
2.309158
6.542613
10.102564
11.160928
7.312332
3.944811
1.924298
5.580464
2.116728
8.274481
7.889621
7.312332
3.175092
0.481074
0.096215
-0.192430
-0.096215
0.288645
-0.769719
0.577289
5.388034
6.446398
4.522100
2.597802
-0.481074
-1.154579
-1.924298
-1.347009
1.347009
2.116728
-0.096215
-2.886447
-2.501587
-1.154579
-2.405372
-3.078877
-3.463736
-2.982662
-2.982662
-2.212943
-1.058364
-2.886447
-3.463736
-2.790232
-2.309158
-1.635653
-1.058364
-3.078877
-2.982662
-4.618315
-5.772894
-1.924298
-0.673504
-0.384860
1.058364
0.865934
-0.288645
2.597802
2.886447
4.522100
5.291819
-0.096215
-3.078877
-5.099389
-5.580464
-3.752381
-1.347009
-2.790232
-1.539438
-2.501587
-1.443223
-0.192430
-0.288645
-0.865934
0.288645
2.116728
0.384860
-1.443223
-3.559951
-4.714530
-2.790232
-4.329670
-2.116728
-4.137241
-5.388034
-4.329670
-2.790232
1.443223
-0.288645
-2.020513
-1.539438
1.539438
1.154579
3.367521
4.522100
5.195604
3.367521
3.752381
5.099389
5.869109
5.388034
5.003175
4.137241
2.020513
1.154579
1.635653
2.020513
2.597802
6.253968
4.810745
4.618315
4.233455
3.752381
-7.023687
-1.347009
-2.309158
2.116728
4.906960
5.965324
4.329670
1.635653
-1.347009
0.769719
1.539438
2.597802
4.425885
0.962149
-1.154579
-1.154579
-3.271306
-1.731868
-0.962149
0.577289
1.443223
-0.481074
-2.212943
-2.790232
-3.848596
-3.944811
-0.769719
-2.212943
-3.559951
-1.154579
-0.577289
-0.192430
2.982662
2.405372
0.865934
2.694017
2.020513
3.559951
3.271306
2.212943
2.212943
1.443223
0.577289
1.828083
3.078877
2.694017
3.367521
-5.484249
2.212943
-1.539438
-2.790232
-1.154579
-1.635653
-1.250794
-5.003175
-7.119902
-4.041026
-3.175092
-0.288645
0.769719
-1.154579
-2.597802
-2.790232
0.481074
2.212943
2.309158
0.673504
-1.731868
-2.020513
-0.192430
0.384860
4.233455
4.906960
5.099389
0.288645
-4.233455
-2.501587
0.192430
0.769719
-0.384860
-0.962149
-1.828083
1.250794
4.618315
7.023687
6.831258
7.023687
5.965324
6.638828
8.082051
10.006349
9.429060
7.793407
7.697192
5.869109
2.020513
-0.096215
-0.865934
1.154579
1.443223
0.288645
0.769719
-1.250794
-5.580464
-4.233455
-3.078877
-2.886447
-1.443223
-9.332845
-3.848596
-5.580464
-4.137241
-2.212943
-0.384860
-0.769719
-2.790232
-4.233455
-0.673504
-1.924298
-1.924298
-2.982662
-2.694017
0.192430
1.443223
0.673504
0.000000
-4.041026
-6.350183
-7.504762
-6.735043
-5.484249
-2.309158
-12.700366
-4.810745
-5.965324
-3.944811
-3.848596
-2.597802
-2.212943
-3.367521
-4.618315
-4.233455
-3.078877
-1.731868
-2.212943
-1.924298
0.673504
0.865934
0.288645
-0.865934
-2.886447
-2.020513
-3.848596
-5.388034
-5.195604
-2.116728
-1.731868
-3.463736
-3.848596
-4.233455
-3.078877
-3.559951
-1.731868
-4.522100
-9.044200
-9.717705
-8.082051
-1.828083
1.828083
3.752381
1.828083
-2.405372
-6.638828
-4.810745
2.309158
4.810745
1.635653
-3.848596
-6.061538
-1.539438
4.425885
7.600977
7.985836
4.906960
0.962149
-0.288645
-0.865934
3.271306
3.752381
4.714530
4.041026
2.982662
3.175092
1.539438
0.481074
2.020513
0.481074
-0.673504
0.865934
-0.288645
0.192430
2.116728
4.233455
4.906960
3.656166
4.329670
3.078877
0.288645
1.828083
1.635653
2.597802
4.714530
3.175092
2.597802
3.078877
3.367521
1.058364
-3.271306
-5.195604
-4.810745
-5.772894
-3.078877
0.962149
2.020513
2.020513
-1.924298
-5.965324
-5.772894
-3.656166
-2.501587
-2.694017
-2.116728
-2.501587
-4.522100
-9.910134
-2.790232
-2.886447
-4.329670
-3.175092
-2.020513
0.288645
-1.828083
-4.425885
-3.656166
-0.962149
-0.384860
0.577289
-0.962149
-2.501587
-2.694017
-2.886447
-0.673504
-1.058364
0.577289
0.865934
-1.443223
0.000000
0.673504
0.962149
1.347009
0.000000
-1.731868
0.192430
1.443223
1.924298
2.982662
1.347009
-0.481074
-2.116728
-2.694017
-0.769719
1.635653
1.443223
-0.769719
-2.309158
-2.982662
-1.250794
2.309158
3.463736
4.522100
4.906960
3.559951
-0.096215
-0.865934
-1.058364
0.288645
1.443223
0.769719
-1.347009
-1.250794
0.000000
2.501587
4.714530
4.618315
3.078877
4.714530
2.790232
2.116728
0.192430
2.886447
2.982662
2.982662
2.886447
2.790232
5.484249
7.504762
7.408547
7.600977
5.388034
5.291819
2.790232
2.020513
1.154579
-2.116728
-0.769719
-0.096215
-0.288645
1.058364
0.577289
-0.962149
1.635653
-0.577289
1.347009
1.154579
0.192430
0.192430
0.384860
0.577289
0.384860
1.154579
2.694017
2.405372
3.271306
-0.577289
-1.347009
-1.058364
1.154579
2.886447
2.212943
-1.635653
-4.522100
-3.367521
-1.443223
0.865934
0.192430
-1.539438
-3.367521
-1.731868
0.384860
-1.731868
-2.597802
0.000000
-2.212943
-3.271306
1.443223
0.288645
-0.769719
-2.982662
-4.041026
-2.020513
-9.525275
-1.731868
-3.078877
-4.714530
-0.096215
4.233455
5.195604
3.752381
2.694017
0.192430
-1.443223
-1.250794
1.635653
1.731868
5.099389
5.772894
8.082051
6.253968
2.309158
1.058364
1.924298
1.635653
0.769719
-1.924298
0.288645
2.020513
3.752381
4.906960
5.869109
8.370696
10.391209
7.312332
5.772894
7.985836
7.889621
6.061538
2.694017
4.041026
7.023687
9.429060
6.350183
4.041026
2.020513
0.192430
2.405372
4.906960
3.944811
3.559951
2.694017
3.559951
3.367521
0.288645
-0.096215
1.347009
2.020513
0.865934
0.192430
-1.731868
-2.020513
-2.020513
0.096215
2.309158
2.694017
1.635653
3.078877
3.944811
0.673504
0.192430
-3.367521
-2.597802
-4.714530
-6.446398
-6.638828
-4.137241
-5.484249
-5.195604
-3.752381
-2.501587
-3.848596
-4.137241
-5.388034
-3.944811
-3.175092
-3.367521
-1.731868
-0.288645
-2.309158
-2.886447
-1.058364
1.539438
-0.769719
-3.559951
-4.137241
-1.250794
1.443223
1.443223
0.384860
0.000000
0.769719
2.405372
1.924298
-1.058364
-0.192430
-0.096215
0.769719
1.539438
-0.481074
-4.041026
-5.869109
-2.501587
-2.020513
-2.694017
-4.329670
-4.618315
-2.212943
0.288645
0.577289
0.384860
1.443223
-1.058364
-0.865934
-0.288645
-0.769719
-1.058364
-2.597802
-2.212943
-2.501587
-0.481074
-0.481074
-2.212943
-3.463736
-4.233455
-3.271306
-2.405372
-3.271306
-1.828083
-1.154579
-1.443223
-0.673504
0.577289
-2.212943
-3.175092
-1.731868
0.481074
1.924298
1.347009
-1.443223
-2.501587
-6.735043
-8.563126
-7.793407
-5.676679
-2.116728
-1.443223
-2.405372
-4.233455
-4.425885
-1.924298
-1.154579
-1.924298
-0.962149
-1.443223
-0.384860
0.865934
-0.962149
-2.020513
-3.175092
-3.271306
-5.195604
-7.408547
-7.023687
-4.522100
-5.484249
-3.656166
-2.116728
-2.212943
-4.041026
-3.271306
-2.501587
-3.367521
-3.463736
-2.694017
-2.982662
-2.116728
-0.481074
-0.288645
0.000000
-0.769719
-1.635653
-1.828083
-0.481074
0.865934
0.865934
0.192430
-1.154579
-7.119902
-4.137241
-4.425885
-3.656166
-2.501587
-2.886447
-3.656166
-2.405372
-1.731868
-0.288645
-0.769719
-4.522100
-5.772894
-4.906960
-2.501587
-0.384860
-0.384860
1.443223
0.288645
-0.673504
-2.116728
-1.731868
-2.020513
-1.250794
-1.443223
0.384860
1.539438
2.020513
1.539438
2.212943
2.790232
2.694017
2.212943
1.828083
0.000000
-1.828083
-0.769719
2.982662
8.466911
10.776068
9.910134
9.621490
6.350183
5.965324
6.253968
6.253968
6.446398
10.006349
11.257143
6.446398
2.694017
2.116728
2.309158
2.982662
4.137241
6.061538
4.425885
2.501587
4.906960
8.178266
9.140415
5.291819
2.886447
3.175092
3.944811
3.752381
4.137241
5.869109
3.175092
3.271306
5.580464
8.755556
7.408547
5.580464
2.212943
-0.096215
-2.982662
-2.597802
-1.539438
2.597802
3.175092
1.924298
-0.288645
-0.673504
-1.443223
-2.405372
-0.481074
0.769719
-0.096215
0.481074
1.443223
2.116728
2.212943
2.597802
0.769719
-3.078877
-5.195604
-4.810745
-3.367521
-3.271306
-3.078877
-3.367521
-1.250794
-0.769719
0.577289
-0.962149
-1.058364
0.096215
-0.673504
0.673504
-0.288645
0.865934
-0.673504
-0.481074
1.731868
-1.539438
-2.212943
0.096215
1.443223
2.116728
-3.848596
-1.347009
-3.463736
-2.597802
-1.731868
-1.250794
0.673504
1.828083
0.288645
-0.384860
0.192430
0.577289
-0.192430
-0.192430
-1.154579
-0.481074
1.924298
2.790232
3.752381
2.694017
3.078877
3.752381
4.714530
6.253968
5.676679
6.350183
7.216117
8.563126
5.772894
5.099389
4.810745
5.580464
3.175092
2.597802
0.384860
-0.769719
2.020513
0.865934
-1.058364
-2.790232
-2.694017
1.635653
1.347009
0.577289
0.481074
-2.116728
-4.618315
-3.944811
-1.828083
1.635653
0.096215
-0.384860
0.000000
-2.694017
-5.869109
-4.329670
-2.790232
-1.635653
-3.944811
-2.116728
-2.597802
-2.212943
-0.673504
-0.962149
-0.673504
-0.769719
-1.924298
-3.175092
-1.731868
-0.288645
-0.096215
-0.865934
-0.769719
0.288645
-1.347009
-1.924298
-2.212943
-0.288645
0.769719
1.828083
2.501587
-0.192430
-1.924298
-2.405372
-1.924298
0.000000
2.501587
3.559951
4.810745
5.195604
4.906960
3.367521
0.000000
0.384860
4.137241
3.848596
-0.769719
-3.752381
-2.694017
-0.288645
2.694017
3.656166
4.233455
2.694017
1.443223
3.175092
1.635653
0.673504
3.848596
2.212943
2.982662
1.635653
0.384860
2.501587
5.580464
3.656166
3.848596
2.982662
5.003175
6.735043
4.906960
2.982662
2.501587
4.618315
5.772894
2.982662
2.694017
1.635653
2.694017
-1.635653
2.212943
2.886447
-3.271306
0.673504
0.384860
-1.347009
-1.347009
-4.041026
-2.694017
-1.924298
-1.731868
-0.096215
-0.673504
-2.212943
-2.020513
-1.058364
-0.384860
-2.501587
-6.831258
-7.504762
-6.542613
-5.676679
-5.869109
-4.137241
-6.927473
-8.947985
-7.312332
-3.175092
-0.288645
-0.288645
-3.559951
-4.810745
-6.927473
-0.192430
-1.154579
-0.288645
-0.865934
-0.769719
-2.501587
-2.309158
-0.192430
0.481074
-0.577289
-5.676679
-7.697192
-4.906960
-1.924298
-0.192430
-0.577289
-2.020513
-5.195604
-6.831258
-5.580464
-4.618315
-3.078877
-0.962149
-7.408547
-11.160928
-7.408547
-2.501587
0.481074
3.271306
-2.405372
-5.580464
-4.810745
-3.656166
-2.501587
-2.982662
-6.831258
-8.274481
-5.869109
-0.192430
1.443223
1.828083
3.175092
-0.192430
-2.212943
0.192430
0.288645
1.635653
2.501587
0.769719
0.962149
2.982662
3.078877
2.020513
-1.250794
5.099389
5.388034
5.291819
3.848596
3.463736
4.810745
3.367521
-0.384860
-2.116728
-5.676679
-3.848596
-1.635653
-0.865934
-2.020513
-3.463736
-2.405372
