-10.102564
-10.583639
-10.102564
-10.294994
-9.140415
-9.525275
-10.391209
-17.607326
-20.686203
-23.957509
-25.785592
-26.266667
-26.362882
-25.015873
-22.995360
-24.438584
-23.091575
-24.534799
-22.418071
-21.936996
-17.511111
-12.892796
-8.563126
-8.659341
-11.834432
-13.854945
-15.779243
-17.992186
-13.470085
-8.082051
-0.192430
-5.580464
2.982662
-2.405372
-8.178266
-12.989011
-17.030037
-18.088400
-15.105739
-15.009524
-12.604151
-13.085226
-14.336020
-15.201954
-14.817094
-12.796581
-10.102564
-10.006349
-13.470085
-13.470085
-15.105739
-16.356532
-16.837607
-12.411722
-9.813919
-6.446398
-6.446398
-5.003175
-4.618315
-5.099389
-7.119902
-7.312332
-9.236630
-11.738217
-15.394383
-18.569475
-19.627839
-18.473260
-16.933822
-13.854945
-11.353358
-11.353358
-13.566300
-15.394383
-15.875458
-15.779243
-16.933822
-18.088400
-17.414896
-17.895971
-19.242979
-18.184615
-18.088400
-14.432234
-12.700366
-13.566300
-13.181441
-15.971673
-21.071062
-23.957509
-24.534799
-19.531624
-17.126252
-14.528449
-14.817094
-19.627839
-24.631013
-27.709890
-26.266667
-23.091575
-15.201954
-8.851770
-7.023687
-8.466911
-9.910134
-10.679853
-8.563126
-6.927473
1.154579
0.000000
2.405372
1.924298
2.982662
6.253968
11.642002
17.030037
21.071062
23.572650
23.284005
20.012698
17.222466
13.662515
11.738217
11.449573
10.198779
8.947985
5.388034
0.673504
-2.405372
-1.924298
1.635653
5.772894
9.621490
11.449573
14.336020
17.799756
22.225641
25.593162
31.077411
37.235165
39.736752
41.468620
38.293529
37.620024
35.118437
35.022222
34.541148
36.369231
36.465446
34.541148
31.462271
30.596337
27.228816
27.228816
25.593162
27.421245
27.998535
25.689377
23.572650
22.033211
21.648352
21.359707
21.744567
22.321856
23.765079
23.668864
22.225641
21.936996
18.665690
17.607326
15.779243
13.181441
13.373871
13.758730
13.854945
13.854945
15.779243
12.219292
9.717705
5.965324
5.484249
2.694017
2.597802
1.058364
0.769719
-0.096215
0.481074
-0.288645
-0.865934
-3.271306
-1.731868
-3.848596
-5.965324
-5.772894
-2.309158
-0.962149
-0.192430
0.096215
2.694017
2.501587
4.425885
6.157753
5.676679
4.714530
5.484249
3.944811
2.597802
2.694017
3.367521
1.731868
-0.288645
-2.597802
-4.425885
-7.408547
-9.140415
-10.968498
-12.507937
-12.892796
-12.411722
-12.219292
-12.796581
-12.507937
-10.006349
-8.851770
-10.583639
-7.985836
-7.216117
-6.157753
-7.312332
-4.618315
-5.484249
-5.388034
-7.793407
-9.717705
-10.679853
-12.026862
-14.720879
-19.627839
-20.397558
-17.607326
-14.624664
-11.738217
-7.600977
-3.848596
-4.714530
-4.714530
-10.872283
-12.315507
-16.452747
-15.683028
-13.566300
-10.583639
-10.294994
-10.583639
-11.353358
-10.968498
-10.294994
-8.178266
-6.927473
-5.580464
-4.618315
-4.714530
-7.119902
-5.484249
-3.271306
-5.484249
-6.638828
-10.872283
-14.239805
-17.222466
-16.548962
-13.470085
-11.930647
-7.793407
-6.350183
-5.676679
-4.618315
-11.160928
-3.656166
-0.096215
3.463736
5.388034
7.216117
6.831258
6.350183
3.656166
3.848596
3.848596
4.522100
3.078877
4.041026
0.481074
0.288645
-1.058364
-1.443223
0.865934
2.790232
2.982662
2.597802
2.212943
0.962149
0.000000
0.384860
0.865934
2.597802
2.597802
6.061538
5.195604
7.216117
9.236630
11.738217
14.432234
17.799756
18.280830
17.799756
13.181441
10.679853
7.408547
8.466911
9.140415
10.583639
10.968498
11.353358
11.834432
10.872283
7.216117
2.694017
0.096215
1.443223
2.597802
5.676679
8.947985
11.738217
11.160928
13.373871
14.336020
12.892796
9.717705
8.178266
7.889621
6.735043
6.446398
7.408547
7.312332
6.350183
6.350183
4.714530
1.347009
0.577289
0.000000
-1.924298
-2.405372
-1.347009
-1.924298
-2.309158
1.731868
2.886447
4.329670
4.137241
3.271306
3.175092
0.000000
-0.577289
-0.288645
1.731868
2.405372
4.714530
6.638828
9.717705
10.102564
7.023687
6.157753
6.927473
6.927473
9.236630
10.583639
14.528449
17.126252
18.088400
17.895971
16.741392
15.394383
13.854945
10.583639
9.140415
7.600977
4.906960
3.752381
-0.096215
-0.769719
-4.233455
-9.621490
-11.738217
-15.298168
-13.951160
-12.892796
-9.717705
-9.236630
-8.178266
-6.446398
-3.271306
-1.924298
-2.212943
-2.597802
-1.731868
-1.539438
-3.559951
-5.772894
-7.889621
-8.466911
-8.659341
-4.906960
-2.501587
-2.501587
-3.367521
-5.291819
-6.831258
-6.638828
-5.484249
-5.099389
-0.962149
0.769719
-0.962149
-4.425885
-10.872283
-13.566300
-10.679853
-2.982662
5.869109
10.583639
6.831258
-0.096215
-5.869109
-6.253968
-8.274481
-7.216117
-9.140415
-13.085226
-22.225641
-26.747741
-30.307692
-28.672039
-25.208303
-22.610501
-23.380220
-25.689377
-30.307692
-33.963858
-35.118437
-30.500122
-28.383394
-23.284005
-19.435409
-18.665690
-18.377045
-16.067888
-16.067888
-10.294994
-3.078877
3.656166
4.618315
1.731868
-1.828083
-5.099389
-6.253968
-6.061538
-7.793407
-8.563126
-10.102564
-18.569475
-15.490598
-15.779243
-17.030037
-13.470085
-10.679853
-8.755556
-5.195604
-2.982662
-3.463736
-7.119902
-11.545788
-13.373871
-8.563126
0.384860
2.886447
0.865934
-0.481074
-1.924298
-0.962149
2.790232
7.023687
9.236630
8.466911
3.271306
0.962149
-3.656166
-3.078877
-2.212943
1.058364
1.924298
1.539438
-2.309158
-4.618315
-7.985836
-4.618315
0.769719
9.525275
15.298168
17.895971
17.992186
15.875458
14.432234
13.277656
15.875458
18.761905
20.878632
16.260317
10.198779
6.831258
-0.288645
-2.405372
1.731868
11.353358
13.854945
12.989011
9.140415
8.659341
7.985836
10.583639
10.679853
16.452747
15.298168
13.854945
9.813919
10.968498
15.298168
21.167277
22.418071
22.225641
20.301343
17.414896
17.318681
16.260317
15.971673
17.895971
17.799756
14.528449
13.566300
13.277656
10.776068
9.332845
9.525275
12.507937
14.047375
15.971673
19.339194
20.782418
21.840781
16.741392
13.470085
14.336020
14.817094
12.989011
11.930647
10.776068
7.312332
4.425885
2.309158
2.982662
4.714530
8.274481
11.353358
10.872283
11.449573
8.563126
6.927473
6.446398
5.099389
2.982662
4.137241
3.271306
3.271306
3.271306
5.484249
4.906960
5.965324
5.388034
4.137241
5.195604
4.618315
2.020513
-2.405372
-4.906960
-9.044200
-9.525275
-7.504762
-5.099389
-2.309158
-3.271306
-7.889621
-13.566300
-15.875458
-19.820269
-18.954335
-24.342369
-11.738217
-10.006349
-7.889621
-6.061538
-3.944811
-2.694017
-0.096215
2.790232
7.119902
9.717705
11.738217
12.892796
11.545788
11.353358
12.604151
10.776068
10.583639
7.793407
7.697192
3.848596
2.309158
-1.058364
-3.559951
-7.119902
-6.638828
-5.484249
-7.216117
-6.446398
-8.466911
-10.102564
-10.872283
-12.892796
-13.758730
-20.108913
-22.321856
-23.957509
-22.995360
-25.112088
-22.418071
-20.012698
-16.741392
-12.892796
-9.332845
-5.869109
-3.463736
-5.580464
-7.889621
-11.642002
-14.624664
-19.339194
-19.339194
-19.435409
-21.071062
-19.627839
-18.473260
-20.205128
-20.205128
-21.552137
-24.342369
-23.957509
-24.727228
-22.899145
-22.802930
-23.091575
-20.782418
-17.222466
-14.047375
-11.353358
-7.985836
-6.350183
-5.291819
-2.405372
-4.233455
-4.425885
-2.982662
-4.714530
-5.869109
-13.181441
-3.463736
-0.865934
1.154579
1.924298
4.425885
8.178266
10.583639
9.813919
10.583639
11.545788
11.545788
8.274481
7.504762
3.367521
2.790232
2.982662
3.463736
2.982662
4.041026
4.329670
5.676679
6.446398
7.889621
3.848596
-2.020513
-5.869109
-6.542613
-6.350183
-1.924298
5.388034
11.449573
13.566300
11.930647
16.452747
16.164103
14.528449
17.126252
19.916484
23.668864
30.019048
31.943346
22.514286
28.864469
26.362882
22.033211
20.686203
21.744567
22.610501
26.266667
25.112088
23.572650
17.511111
9.429060
1.443223
-3.848596
-5.195604
-1.250794
1.154579
2.501587
1.443223
4.041026
5.099389
8.178266
10.679853
10.679853
5.580464
-2.309158
-9.813919
-12.507937
-12.700366
-12.219292
-10.968498
-9.525275
-7.216117
-5.099389
-0.288645
3.944811
2.886447
1.058364
-4.137241
-7.504762
-9.910134
-8.466911
-5.580464
-4.137241
-2.501587
-1.539438
-1.347009
-2.309158
-10.198779
-0.673504
2.020513
1.443223
2.886447
3.559951
0.962149
1.539438
2.212943
4.522100
2.405372
0.288645
-2.886447
-6.446398
-8.370696
-6.831258
-5.965324
-4.618315
-1.635653
-2.790232
-4.137241
-5.195604
-7.119902
-5.676679
-1.443223
2.982662
2.212943
-0.481074
-2.212943
-2.597802
0.481074
3.559951
5.772894
2.501587
-2.694017
-10.487424
-13.277656
-10.198779
-6.253968
0.577289
2.694017
-12.796581
-12.507937
-15.971673
-12.989011
-8.947985
-2.694017
3.848596
4.906960
2.116728
-1.539438
-4.618315
-2.597802
2.405372
5.965324
3.463736
-4.425885
-15.394383
-21.552137
-21.936996
-16.933822
-11.738217
-10.391209
-13.181441
-15.875458
-18.761905
-19.146764
-15.105739
-9.044200
-6.927473
-8.370696
-14.047375
-14.143590
-12.989011
-7.793407
-3.463736
1.539438
-5.484249
-14.817094
-23.187790
-27.806105
-30.596337
-27.998535
-19.146764
-10.294994
-5.869109
-5.195604
-7.600977
-7.216117
-10.294994
-9.813919
-9.525275
-7.408547
-6.061538
-2.309158
2.020513
9.910134
12.796581
19.435409
22.514286
24.246154
23.476435
22.321856
20.301343
19.339194
18.954335
17.992186
17.703541
19.531624
9.910134
18.761905
19.724054
19.916484
21.744567
23.380220
26.362882
28.383394
28.960684
28.864469
26.459096
24.823443
23.957509
25.304518
25.208303
25.496947
26.266667
25.015873
25.112088
24.438584
23.187790
23.957509
24.919658
25.785592
25.208303
24.246154
24.053724
24.919658
24.823443
22.514286
23.091575
23.957509
26.170452
25.496947
27.613675
24.823443
23.284005
16.548962
19.339194
17.318681
16.837607
12.700366
8.274481
4.522100
-0.192430
-3.559951
-7.119902
-9.332845
-11.257143
-14.817094
-17.030037
-18.954335
-21.263492
-23.668864
-21.648352
-22.514286
-20.686203
-18.473260
-12.507937
-9.429060
-7.793407
-10.583639
-7.312332
-5.580464
-3.944811
-3.559951
-5.195604
-6.157753
-9.717705
-12.892796
-14.047375
-13.662515
-15.009524
-17.799756
-20.108913
-21.359707
-20.782418
-20.108913
-22.802930
-23.476435
-22.225641
-21.167277
-19.050549
-19.531624
-22.129426
-25.304518
-26.170452
-25.208303
-24.534799
-24.823443
-25.400733
-26.651526
-24.727228
-22.610501
-18.377045
-17.318681
-15.105739
-14.336020
-15.875458
-17.126252
-18.569475
-17.318681
-15.586813
-12.892796
-9.525275
-9.429060
-12.026862
-11.834432
-13.758730
-16.645177
-16.645177
-11.738217
-12.315507
-12.796581
-14.624664
-12.411722
-10.968498
-9.813919
-5.195604
-4.233455
-5.580464
-6.831258
-7.408547
-7.119902
-4.522100
-1.539438
0.000000
-0.673504
-1.539438
-4.906960
-7.023687
-6.927473
-6.638828
-6.638828
-7.216117
-7.216117
-6.061538
-6.061538
-3.752381
-0.769719
3.463736
8.082051
11.642002
14.817094
16.164103
16.548962
16.741392
17.703541
17.511111
15.875458
16.452747
18.377045
22.995360
26.266667
28.479609
28.479609
26.170452
22.129426
19.627839
16.260317
15.298168
15.875458
16.548962
13.373871
12.219292
12.700366
15.105739
14.239805
13.951160
9.621490
4.137241
-0.673504
0.192430
-1.443223
-4.618315
-8.851770
-11.834432
-13.854945
-11.930647
-9.140415
-4.233455
-2.694017
-2.116728
-1.443223
-0.769719
0.000000
1.347009
3.752381
4.137241
5.099389
4.618315
3.271306
3.848596
4.906960
2.212943
3.656166
4.137241
4.233455
2.020513
4.425885
2.501587
1.347009
-1.154579
-1.347009
-3.175092
-2.116728
-1.154579
1.058364
0.577289
0.000000
-1.828083
-2.405372
-4.329670
-0.577289
0.962149
3.175092
4.906960
2.309158
2.116728
3.944811
4.810745
6.157753
7.119902
6.061538
4.714530
1.539438
1.154579
0.577289
1.539438
1.539438
1.635653
1.635653
2.309158
0.000000
-0.962149
0.192430
5.676679
10.583639
12.026862
12.796581
12.411722
8.851770
6.927473
6.446398
8.370696
8.563126
9.717705
9.813919
12.700366
9.332845
9.813919
8.370696
10.198779
11.353358
13.854945
11.449573
6.638828
2.982662
-2.501587
-5.484249
-8.851770
-9.621490
-7.600977
-8.947985
-8.082051
-7.023687
-5.484249
-6.350183
-7.119902
-10.679853
-12.892796
-14.239805
-17.030037
-20.974847
-17.799756
-16.067888
-15.683028
-14.817094
-15.298168
-15.971673
-17.030037
-17.414896
-20.493773
-22.899145
-29.634188
-27.613675
-28.094750
-24.438584
-22.514286
-19.242979
-14.624664
-10.294994
-5.580464
0.865934
2.405372
4.714530
6.350183
5.965324
4.041026
2.982662
1.731868
1.058364
0.481074
2.886447
4.714530
9.429060
11.642002
11.930647
10.391209
7.600977
4.522100
3.367521
5.195604
4.522100
6.253968
1.539438
-3.078877
-5.869109
-3.175092
0.288645
5.965324
10.006349
14.528449
16.164103
15.586813
16.260317
22.610501
27.132601
32.135775
34.252503
35.407082
31.847131
27.036386
23.284005
20.301343
13.181441
7.793407
2.501587
-5.388034
-10.198779
-12.315507
-10.679853
-3.175092
2.886447
7.023687
10.583639
11.064713
11.449573
13.951160
15.586813
15.009524
13.758730
14.624664
14.047375
13.662515
12.411722
11.160928
9.429060
4.810745
3.271306
5.291819
8.274481
9.044200
11.064713
12.219292
12.989011
9.717705
4.329670
3.752381
0.769719
-0.192430
2.212943
2.501587
2.886447
5.580464
8.466911
8.755556
11.160928
10.198779
11.353358
10.487424
9.332845
10.487424
11.834432
11.834432
11.160928
7.985836
5.099389
3.752381
3.848596
5.291819
3.078877
10.487424
12.700366
14.432234
13.085226
13.566300
15.105739
13.951160
17.414896
19.627839
21.552137
18.761905
15.201954
14.336020
13.373871
11.930647
10.776068
11.642002
10.583639
9.621490
9.525275
9.044200
6.157753
2.982662
-2.597802
-7.119902
-10.776068
-11.834432
-12.796581
-13.951160
-16.645177
-17.318681
-22.995360
-26.459096
-27.998535
-27.902320
-25.689377
-32.231990
-24.534799
-26.843956
-29.345543
-30.019048
-29.922833
-30.019048
-31.173626
-31.173626
-33.675214
-37.716239
-41.949695
-44.547497
-48.203663
-49.069597
-46.760440
-46.856654
-48.877167
-47.915018
-46.856654
-42.815629
-39.736752
-36.465446
-33.963858
-30.500122
-28.672039
-24.919658
-19.531624
-16.741392
-14.817094
-10.872283
-5.484249
2.212943
10.583639
19.242979
27.613675
32.905495
38.197314
41.853480
43.489133
43.296703
43.296703
41.468620
38.870818
35.310867
34.829792
32.905495
27.709890
28.383394
27.036386
25.978022
25.015873
23.476435
22.418071
20.012698
19.339194
16.356532
14.624664
12.026862
10.102564
7.216117
7.312332
6.253968
5.869109
5.388034
6.157753
7.119902
5.965324
4.425885
3.848596
1.828083
1.924298
-2.020513
-5.580464
-11.545788
-13.662515
-14.720879
-13.181441
-11.834432
-11.449573
-10.583639
-10.968498
-11.257143
-11.834432
-15.875458
-20.493773
-25.978022
-30.211477
-35.407082
-27.998535
-26.170452
-27.613675
-33.001709
-38.101099
-40.025397
-39.351893
-35.310867
-28.960684
-25.785592
-26.747741
-31.847131
-35.310867
-38.678388
-37.812454
-30.019048
-20.878632
-17.799756
-22.802930
-29.056899
-33.290354
-30.692552
-26.170452
-19.724054
-13.566300
-8.178266
-7.408547
-6.446398
-3.656166
-1.539438
-2.982662
-2.116728
-0.288645
0.481074
-1.443223
-6.253968
-9.332845
-9.044200
-7.408547
-4.714530
-1.443223
0.481074
2.982662
2.309158
2.790232
2.790232
4.329670
7.312332
11.930647
15.490598
16.837607
15.779243
13.662515
12.796581
15.490598
16.356532
13.758730
11.257143
10.294994
6.735043
4.906960
7.697192
7.504762
7.408547
8.274481
7.408547
6.542613
2.886447
3.463736
6.735043
9.813919
11.738217
10.487424
8.274481
5.965324
2.116728
2.020513
3.367521
6.350183
10.487424
12.123077
6.638828
1.058364
-3.559951
-5.676679
-4.714530
-4.137241
-3.175092
-1.250794
-0.962149
-0.962149
-0.673504
-0.096215
0.384860
0.865934
1.250794
1.539438
3.848596
7.216117
9.621490
12.507937
12.507937
12.507937
12.219292
15.009524
15.779243
16.837607
17.799756
17.511111
19.242979
18.184615
14.624664
9.525275
6.061538
4.906960
7.600977
11.930647
14.047375
13.566300
14.720879
14.913309
15.683028
18.088400
16.645177
16.548962
16.164103
17.511111
17.992186
18.761905
20.301343
21.552137
20.205128
21.359707
22.033211
19.531624
18.761905
22.995360
23.284005
25.304518
26.170452
26.747741
24.823443
25.112088
24.149939
21.071062
18.473260
16.356532
14.817094
12.411722
8.755556
6.253968
1.154579
-1.154579
-7.023687
-11.160928
-14.143590
-13.085226
-13.373871
-9.910134
-8.082051
-6.831258
-6.157753
-5.772894
-6.446398
-8.082051
-10.583639
-11.449573
-11.160928
-8.370696
-5.195604
-0.384860
1.154579
4.137241
2.886447
4.618315
2.212943
3.656166
3.944811
6.061538
6.253968
7.216117
5.580464
5.484249
3.656166
0.481074
-3.559951
-4.137241
-6.061538
-5.676679
-5.388034
-5.003175
-6.927473
-7.793407
-10.391209
-10.294994
-10.102564
-10.198779
-8.370696
-8.178266
-9.525275
-12.123077
-14.239805
-17.607326
-24.823443
-17.703541
-17.607326
-17.511111
-17.222466
-18.377045
-17.992186
-18.761905
-19.916484
-20.493773
-15.779243
-15.683028
-14.720879
-13.854945
-15.586813
-14.047375
-14.336020
-11.064713
-9.717705
-7.985836
-10.487424
-6.157753
-7.023687
-6.831258
-6.446398
-6.735043
-7.216117
-5.676679
-3.463736
-3.271306
-4.522100
-3.559951
-3.078877
-2.405372
2.020513
6.542613
10.776068
13.854945
14.143590
12.989011
12.411722
9.717705
7.600977
6.253968
6.253968
2.982662
1.635653
-0.962149
-2.212943
-3.944811
-6.350183
-0.481074
1.635653
2.309158
1.828083
-1.539438
-3.078877
-4.041026
-4.906960
-6.542613
-7.408547
-5.965324
-4.618315
-5.195604
-5.676679
-6.157753
-5.869109
-6.927473
-6.350183
-4.714530
-3.271306
-4.810745
-6.638828
-7.023687
-7.216117
-7.985836
-7.793407
-9.429060
-8.563126
-9.140415
-7.889621
-5.291819
-4.041026
-3.848596
-6.061538
-4.906960
-6.638828
-6.253968
-4.906960
-3.463736
-2.694017
-0.577289
-0.288645
2.116728
3.271306
5.291819
3.559951
4.810745
4.137241
5.291819
6.446398
9.140415
8.082051
7.889621
5.291819
3.559951
1.347009
2.020513
1.635653
1.058364
-0.192430
-0.288645
-0.673504
0.288645
1.058364
3.463736
5.676679
7.697192
5.869109
4.233455
5.099389
5.772894
6.542613
6.831258
8.082051
6.350183
5.580464
7.119902
9.140415
8.755556
9.140415
11.545788
15.683028
18.761905
22.899145
19.724054
16.933822
15.394383
15.779243
14.528449
14.913309
15.394383
15.490598
13.085226
14.624664
12.700366
15.394383
17.126252
20.205128
21.263492
22.418071
21.552137
21.071062
19.242979
18.761905
21.648352
22.610501
22.610501
22.321856
21.936996
19.916484
14.913309
11.930647
11.642002
13.758730
15.490598
15.105739
13.662515
11.930647
8.178266
7.023687
9.236630
10.872283
12.411722
10.679853
8.178266
4.618315
0.962149
0.192430
1.539438
3.848596
5.291819
4.618315
2.116728
-0.096215
3.463736
9.910134
14.817094
20.012698
20.108913
18.280830
11.545788
6.446398
3.752381
2.405372
4.137241
2.982662
0.962149
-0.962149
-4.906960
-7.697192
-11.160928
-10.872283
-10.198779
-8.466911
-3.848596
-3.559951
-3.848596
-5.965324
-5.580464
-6.061538
-6.735043
-6.446398
-1.443223
-1.058364
-3.463736
-8.466911
-10.391209
-11.545788
-9.140415
-9.621490
-7.600977
-7.504762
-10.102564
-14.528449
-18.280830
-21.744567
-25.112088
-24.727228
-20.782418
-18.954335
-21.359707
-26.074237
-32.520635
-38.101099
-40.698901
-41.083761
-34.444933
-27.132601
-20.493773
-19.724054
-19.339194
-21.840781
-25.400733
-24.149939
-18.377045
-13.277656
-13.085226
-12.989011
-16.164103
-16.452747
-18.088400
-19.627839
-19.339194
-20.686203
-11.738217
-11.064713
-15.683028
-20.012698
-24.919658
-26.940171
-24.631013
-19.916484
-14.143590
-12.026862
-16.452747
-21.071062
-26.170452
-36.080586
-27.613675
-22.610501
-16.067888
-13.758730
-14.047375
-16.356532
-20.108913
-24.149939
-23.765079
-22.899145
-17.126252
-11.642002
-8.659341
-12.507937
-18.184615
-23.572650
-25.689377
-26.362882
-24.727228
-25.593162
-24.823443
-25.400733
-25.304518
-24.919658
-22.514286
-20.108913
-17.222466
-13.662515
-10.776068
-9.332845
-7.023687
-5.003175
-0.577289
1.731868
0.192430
-0.384860
-2.020513
-2.790232
-0.384860
0.865934
1.443223
2.790232
2.501587
0.192430
0.962149
1.924298
4.618315
4.714530
5.484249
7.119902
8.563126
11.257143
11.834432
12.604151
12.892796
12.796581
11.353358
13.662515
12.796581
14.239805
13.951160
16.933822
17.799756
20.205128
21.744567
24.823443
26.362882
25.978022
24.534799
23.765079
19.820269
17.799756
16.356532
15.298168
14.047375
13.758730
11.834432
10.872283
10.294994
11.353358
11.064713
10.776068
13.277656
13.085226
13.566300
11.642002
10.198779
10.776068
13.566300
14.817094
17.414896
17.992186
20.493773
20.205128
19.339194
19.820269
19.916484
21.840781
25.496947
26.940171
29.153114
26.843956
25.304518
22.418071
22.129426
22.995360
22.995360
22.514286
21.648352
11.642002
24.149939
24.342369
24.053724
25.593162
26.747741
26.459096
27.132601
26.843956
23.091575
23.765079
22.129426
24.246154
25.112088
25.689377
26.555311
25.400733
25.015873
23.957509
23.765079
24.149939
