10.679853
11.064713
11.834432
10.583639
9.429060
4.425885
-0.192430
-2.309158
-5.195604
-10.006349
-13.566300
-16.452747
-11.930647
-12.411722
-10.006349
-12.026862
-10.487424
-10.679853
-7.793407
-2.982662
-2.020513
-1.347009
-1.154579
-2.694017
-1.924298
-3.175092
-2.694017
-4.041026
-0.288645
-7.600977
0.673504
0.000000
2.116728
2.982662
2.982662
1.731868
0.096215
-3.078877
-3.752381
-7.216117
-9.910134
-10.102564
-11.449573
-13.951160
-18.088400
-22.033211
-24.823443
-26.459096
-27.036386
-25.881807
-27.613675
-26.747741
-27.613675
-28.094750
-28.479609
-24.631013
-22.610501
-17.318681
-14.336020
-12.700366
-12.700366
-12.123077
-14.143590
-15.779243
-16.645177
-15.586813
-16.164103
-16.260317
-18.954335
-19.242979
-19.627839
-19.627839
-21.263492
-18.377045
-17.799756
-16.356532
-12.315507
-9.621490
-2.886447
-1.347009
0.096215
1.250794
1.347009
3.656166
4.041026
3.752381
5.484249
6.157753
7.023687
7.408547
10.679853
10.294994
11.834432
13.566300
13.277656
14.528449
15.394383
15.779243
15.394383
16.067888
18.761905
18.954335
18.665690
17.799756
19.627839
21.071062
21.071062
22.418071
24.534799
25.689377
28.287179
29.537973
29.922833
28.094750
27.613675
26.843956
25.785592
23.957509
21.840781
20.782418
19.146764
17.799756
14.432234
9.717705
9.813919
10.294994
11.160928
10.102564
10.679853
10.294994
10.583639
10.679853
13.085226
14.817094
16.741392
16.741392
18.280830
16.356532
16.837607
19.435409
17.799756
16.164103
16.741392
14.720879
12.507937
12.507937
11.160928
7.793407
5.869109
3.271306
2.886447
3.656166
3.078877
3.463736
3.656166
4.041026
4.233455
4.233455
4.906960
-3.944811
6.831258
9.525275
11.738217
11.930647
12.892796
15.298168
15.683028
14.528449
15.298168
15.875458
14.528449
16.356532
15.683028
15.779243
15.009524
15.586813
15.779243
16.260317
15.683028
16.548962
15.394383
14.913309
14.432234
15.394383
15.971673
13.085226
8.178266
6.061538
4.329670
4.810745
5.772894
5.484249
4.810745
5.003175
4.329670
3.656166
4.810745
2.405372
0.192430
-1.828083
-3.175092
-4.618315
-5.003175
-4.618315
-4.137241
-3.848596
-2.694017
-1.539438
-2.116728
-1.443223
-2.597802
-5.484249
-5.291819
-5.484249
-7.312332
-8.274481
-12.700366
-7.312332
-5.772894
-3.463736
-4.810745
-3.656166
-3.752381
-2.886447
-4.137241
-4.233455
-6.350183
-7.504762
-5.484249
-3.367521
-3.078877
-3.559951
-5.003175
-5.772894
-5.484249
-0.962149
1.154579
1.924298
0.865934
1.250794
-0.096215
1.539438
3.559951
2.982662
-0.481074
-0.962149
-2.694017
-4.329670
-6.157753
-6.542613
-7.600977
-8.947985
-11.449573
-10.679853
-8.755556
-11.064713
-12.219292
-18.473260
-7.697192
-5.580464
-5.099389
-5.388034
-6.831258
-9.813919
-11.738217
-10.583639
-9.332845
-9.813919
-10.198779
-10.391209
-13.470085
-13.854945
-11.353358
-8.082051
-8.947985
-7.600977
-4.233455
-1.635653
-2.020513
-0.096215
2.309158
0.769719
-5.099389
-8.659341
-12.507937
-14.913309
-13.854945
-9.910134
-9.717705
-10.294994
-9.813919
-11.642002
-17.318681
-19.531624
-20.205128
-18.088400
-16.164103
-16.933822
-20.686203
-22.610501
-19.435409
-14.624664
-11.449573
-6.831258
-7.119902
-9.910134
-7.889621
-3.848596
2.309158
7.600977
7.985836
4.906960
-0.192430
-3.559951
-8.274481
-5.772894
-1.539438
5.676679
10.583639
12.892796
13.758730
13.758730
9.140415
7.408547
9.429060
12.700366
14.624664
13.854945
14.143590
14.624664
15.298168
16.356532
16.452747
19.820269
21.840781
23.861294
23.284005
23.957509
20.782418
18.184615
16.356532
18.088400
18.280830
17.992186
15.394383
15.105739
12.989011
9.621490
7.793407
8.178266
7.312332
7.216117
4.329670
3.367521
1.828083
0.481074
-1.539438
-2.212943
-4.522100
-8.274481
-8.851770
-7.985836
-10.198779
-11.642002
-11.449573
-10.583639
-10.198779
-7.793407
-9.140415
-11.257143
-13.085226
-11.930647
-10.198779
-6.542613
-4.810745
-3.078877
-5.195604
-8.659341
-10.102564
-10.294994
-9.910134
-7.600977
-8.370696
-8.563126
-9.332845
-7.216117
-8.274481
-7.408547
-7.216117
-5.772894
-3.944811
-0.192430
-4.137241
-5.291819
-8.370696
-7.985836
-8.659341
-7.023687
-4.425885
-1.058364
-1.635653
-2.597802
-5.003175
-3.656166
-2.405372
-1.539438
0.288645
2.020513
2.212943
0.000000
-2.790232
-2.790232
-1.539438
0.769719
5.965324
8.178266
8.851770
7.119902
4.233455
0.769719
0.865934
3.656166
6.542613
8.947985
9.717705
6.542613
4.233455
1.828083
2.982662
2.309158
0.000000
-1.635653
-2.212943
-7.889621
-11.353358
-15.201954
-15.971673
-16.260317
-15.490598
-14.336020
-13.951160
-14.143590
-17.126252
-18.761905
-18.473260
-20.205128
-19.050549
-19.724054
-15.298168
-14.336020
-11.738217
-9.813919
-8.370696
-11.449573
-10.294994
-9.044200
-8.178266
-9.332845
-9.044200
-8.466911
-7.312332
-5.291819
-2.694017
-0.384860
1.731868
2.309158
2.405372
2.501587
1.924298
0.865934
2.309158
-0.577289
1.924298
5.388034
4.714530
6.350183
5.869109
5.291819
6.157753
5.484249
4.906960
5.291819
5.772894
6.446398
5.676679
5.195604
5.388034
4.329670
3.656166
4.329670
4.522100
4.714530
6.253968
6.253968
4.233455
4.041026
4.425885
3.367521
2.501587
0.865934
-1.731868
-0.192430
0.000000
1.731868
4.233455
5.676679
8.466911
12.604151
10.679853
11.930647
10.776068
9.332845
6.542613
7.023687
6.735043
7.119902
4.522100
2.982662
0.384860
0.577289
0.288645
-7.600977
-2.982662
-3.175092
-3.559951
-7.889621
-10.198779
-9.813919
-11.930647
-12.700366
-12.123077
-11.257143
-14.720879
-15.105739
-16.164103
-13.951160
-12.123077
-13.085226
-15.490598
-17.895971
-19.339194
-17.222466
-16.645177
-13.373871
-9.429060
-8.659341
-8.947985
-11.353358
-15.105739
-17.511111
-17.703541
-18.858120
-18.954335
-20.493773
-21.263492
-23.187790
-23.091575
-23.476435
-24.342369
-20.974847
-17.607326
-17.799756
-18.858120
-21.840781
-17.703541
-15.105739
-11.257143
-6.446398
-1.539438
-2.886447
-1.924298
-1.443223
1.058364
4.522100
10.294994
9.332845
15.586813
13.951160
14.239805
13.566300
16.164103
19.820269
22.129426
20.782418
19.050549
13.085226
13.085226
12.989011
15.394383
15.298168
16.452747
13.566300
12.507937
14.239805
16.933822
17.511111
15.875458
13.277656
10.968498
12.604151
13.373871
11.064713
9.236630
12.123077
12.123077
10.872283
10.102564
11.545788
10.294994
12.796581
13.854945
13.373871
9.717705
6.253968
4.233455
4.522100
7.889621
10.294994
10.968498
11.064713
13.181441
13.085226
14.720879
16.067888
15.875458
15.779243
13.181441
11.545788
10.776068
12.507937
13.373871
16.645177
17.607326
18.280830
18.184615
18.858120
14.817094
12.026862
9.717705
11.064713
10.679853
11.545788
13.758730
8.947985
7.889621
7.216117
9.621490
10.679853
10.872283
9.717705
7.504762
3.078877
0.000000
-0.962149
4.041026
7.600977
7.600977
6.446398
3.367521
-0.577289
-2.116728
-0.673504
1.058364
1.539438
2.501587
1.154579
0.481074
0.288645
1.347009
1.347009
2.886447
3.559951
5.676679
10.198779
13.951160
18.280830
22.033211
23.572650
22.610501
18.858120
15.875458
13.758730
11.064713
8.947985
10.198779
11.353358
11.930647
11.353358
8.947985
8.082051
5.869109
6.446398
8.659341
7.600977
1.828083
-3.752381
-5.676679
-3.463736
-0.481074
4.618315
7.216117
5.772894
-2.212943
-7.697192
-11.545788
-8.466911
-5.003175
0.769719
6.061538
7.697192
3.175092
0.288645
-2.694017
0.000000
4.041026
7.408547
5.484249
0.962149
-2.790232
-1.154579
0.962149
3.271306
4.522100
3.944811
0.962149
-3.752381
-6.350183
-4.329670
-0.288645
3.463736
2.501587
0.481074
-5.580464
-10.968498
-14.913309
-13.566300
-9.621490
-8.563126
-6.061538
-12.123077
-21.840781
-26.747741
-26.170452
-23.861294
-19.435409
-16.548962
-19.146764
-23.765079
-26.555311
-26.940171
-23.668864
-20.974847
-17.799756
-18.280830
-21.071062
-23.572650
-23.187790
-21.936996
-17.607326
-13.181441
-9.813919
-10.294994
-14.047375
-18.473260
-19.050549
-16.645177
-13.470085
-10.872283
-12.315507
-16.741392
-20.878632
-20.878632
-19.242979
-15.298168
-9.044200
-3.559951
1.250794
3.944811
5.003175
3.463736
1.058364
2.886447
6.061538
9.044200
11.064713
10.872283
9.621490
12.411722
15.105739
16.645177
16.452747
17.703541
13.951160
11.545788
5.869109
2.309158
-0.962149
-1.154579
-2.694017
-2.982662
-6.253968
-8.755556
-11.545788
-14.913309
-17.222466
-19.339194
-15.779243
-11.834432
-6.542613
-1.539438
3.463736
5.772894
8.370696
11.257143
10.776068
9.525275
9.044200
4.618315
2.116728
-2.694017
-4.425885
-8.851770
-11.257143
-13.085226
-13.181441
-14.528449
-15.683028
-19.339194
-19.242979
-20.878632
-20.686203
-22.225641
-21.744567
-22.418071
-21.936996
-24.534799
-27.613675
-31.269841
-32.328205
-33.578999
-33.963858
-33.482784
-30.307692
-31.173626
-29.922833
-30.596337
-26.940171
-24.631013
-20.782418
-17.799756
-17.126252
-18.184615
-18.858120
-16.452747
-11.642002
-5.580464
-0.192430
0.769719
0.577289
2.212943
5.195604
6.831258
7.408547
4.522100
8.274481
6.350183
5.388034
2.309158
-1.154579
-0.384860
4.522100
10.968498
14.239805
11.353358
5.003175
0.865934
-0.673504
2.309158
2.982662
4.041026
3.944811
4.810745
7.216117
10.198779
13.854945
20.686203
24.342369
24.823443
22.225641
24.534799
26.266667
30.019048
28.864469
24.727228
18.858120
16.933822
17.126252
16.452747
18.473260
19.435409
17.511111
15.490598
10.679853
9.429060
10.776068
14.720879
18.184615
18.473260
16.067888
11.545788
8.466911
10.294994
11.257143
12.026862
8.947985
4.714530
-1.539438
-5.003175
-7.985836
-6.927473
-2.212943
3.848596
5.869109
7.312332
5.099389
7.312332
8.082051
10.679853
12.507937
13.566300
10.968498
6.157753
0.288645
-4.714530
-6.735043
-3.944811
-0.288645
0.865934
-0.192430
-3.656166
-8.082051
-9.332845
-11.930647
-9.717705
-8.082051
-6.735043
-6.350183
-9.429060
-15.490598
-20.974847
-25.400733
-27.228816
-25.015873
-23.572650
-25.304518
-26.074237
-25.208303
-24.438584
-22.033211
-17.222466
-13.854945
-9.525275
-8.370696
-6.157753
-4.522100
-4.714530
-2.116728
0.865934
4.906960
10.102564
15.201954
21.648352
27.709890
31.847131
35.984371
34.733578
32.520635
28.960684
23.476435
24.342369
24.534799
24.823443
24.727228
21.744567
22.418071
23.187790
25.593162
26.170452
26.747741
23.861294
24.149939
24.053724
27.709890
29.922833
33.290354
36.080586
39.736752
43.296703
47.818803
49.646886
51.859829
50.705250
48.299878
44.451282
31.943346
38.774603
38.293529
26.266667
35.791941
33.386569
31.654701
27.902320
29.922833
28.094750
27.325031
24.823443
24.246154
22.514286
18.473260
14.913309
11.353358
6.542613
6.446398
2.694017
-1.347009
-5.484249
-7.600977
-8.370696
-9.621490
-13.181441
-12.989011
-13.277656
-10.391209
-9.717705
-9.332845
-8.947985
-10.006349
-11.449573
-12.026862
-13.373871
-14.720879
-14.528449
-16.837607
-18.088400
-20.108913
-22.610501
-24.053724
-22.802930
-20.589988
-19.435409
-15.683028
-15.009524
-13.854945
-11.160928
-10.679853
-10.776068
-8.274481
-7.889621
-5.772894
-5.388034
-8.659341
-9.910134
-10.198779
-11.642002
-12.026862
-11.642002
-9.910134
-10.198779
-7.793407
-12.411722
-12.892796
-14.913309
-15.105739
-16.067888
-15.586813
-10.391209
-5.676679
-14.913309
-7.312332
-10.776068
-10.968498
-8.563126
-7.697192
-6.927473
-6.927473
-5.772894
-3.078877
-2.501587
0.865934
1.347009
5.484249
7.697192
11.160928
6.446398
4.137241
-1.539438
-6.157753
-9.910134
-10.679853
-10.198779
-6.831258
-3.463736
-0.673504
3.944811
10.391209
10.294994
11.064713
8.082051
5.484249
0.865934
-2.309158
-4.233455
-5.291819
-5.388034
-1.924298
1.828083
4.137241
6.735043
7.600977
6.157753
6.253968
6.350183
7.697192
6.350183
3.463736
-1.347009
-2.597802
-7.408547
-11.257143
-13.854945
-16.260317
-17.030037
-16.164103
-17.895971
-16.164103
-17.318681
-20.397558
-21.552137
-21.936996
-23.187790
-26.170452
-28.383394
-27.613675
-27.709890
-28.287179
-29.249328
-27.517460
-27.806105
-25.978022
-26.940171
-25.978022
-24.919658
-21.648352
-20.686203
-18.569475
-16.452747
-13.470085
-9.910134
-10.294994
-10.294994
-12.507937
-13.181441
-13.854945
-13.470085
-11.642002
-11.353358
-13.951160
-17.318681
-20.012698
-22.033211
-24.631013
-25.978022
-22.321856
-20.974847
-18.761905
-16.933822
-14.624664
-13.085226
-7.119902
-2.982662
-3.078877
-5.291819
-6.542613
-7.600977
-10.102564
-12.604151
-13.277656
-15.779243
-20.301343
-21.552137
-19.531624
-18.569475
-16.164103
-13.951160
-9.910134
-4.522100
-1.828083
3.078877
8.563126
9.429060
9.525275
9.140415
12.700366
15.971673
20.878632
24.246154
22.129426
17.511111
15.586813
16.067888
18.184615
22.225641
22.514286
16.548962
8.563126
1.924298
-1.635653
-0.673504
2.020513
6.061538
4.714530
1.250794
-4.233455
-4.618315
-5.099389
-5.099389
-3.367521
2.116728
2.309158
1.250794
0.673504
2.501587
4.618315
7.889621
11.834432
15.683028
20.493773
23.668864
24.823443
27.421245
27.421245
27.709890
28.479609
26.266667
21.071062
18.280830
14.624664
14.336020
15.683028
15.779243
16.548962
17.799756
18.954335
21.167277
20.397558
21.744567
20.878632
23.765079
25.785592
27.036386
27.709890
28.575824
26.843956
28.768254
28.190965
29.441758
28.479609
27.132601
21.263492
18.473260
16.356532
16.452747
17.222466
18.954335
21.648352
21.936996
19.435409
15.683028
13.854945
11.449573
11.738217
13.470085
12.700366
13.373871
11.257143
8.563126
6.157753
0.577289
-4.233455
-17.030037
-10.006349
-9.236630
-10.294994
-10.776068
-15.009524
-19.242979
-24.823443
-28.479609
-28.287179
-27.709890
-27.806105
-26.362882
-25.978022
-28.287179
-28.094750
-29.441758
-29.153114
-27.709890
-26.074237
-23.572650
-20.782418
-18.569475
-17.030037
-17.992186
-18.088400
-18.377045
-18.088400
-22.802930
-25.112088
-26.170452
-27.517460
-27.902320
-26.170452
-26.074237
-24.823443
-25.978022
-25.593162
-25.496947
-22.321856
-22.995360
-20.974847
-18.088400
-13.373871
-10.102564
-7.889621
-7.889621
-6.735043
-9.525275
-7.216117
-8.947985
-9.332845
-10.391209
-11.353358
-14.336020
-12.315507
-9.813919
-7.119902
-6.927473
-5.195604
-6.061538
-5.388034
-7.504762
-5.772894
-3.944811
-0.577289
3.944811
5.580464
6.735043
6.735043
7.312332
7.793407
7.119902
8.947985
9.429060
9.332845
9.813919
11.257143
12.989011
14.817094
17.222466
15.971673
15.009524
14.336020
12.989011
12.219292
11.064713
10.679853
8.082051
4.906960
2.116728
-2.597802
-5.003175
-9.044200
-10.006349
-10.006349
-12.026862
-13.758730
-13.181441
-11.642002
-9.236630
-8.755556
-3.944811
-2.982662
1.731868
1.828083
0.192430
-2.694017
-6.157753
-9.429060
-10.198779
-10.198779
-13.277656
-14.143590
-14.528449
-13.181441
-11.834432
-12.507937
-12.026862
-15.009524
-11.834432
-8.274481
-2.982662
3.656166
9.429060
13.373871
16.548962
18.569475
19.724054
18.473260
18.858120
7.023687
18.858120
21.552137
21.552137
25.304518
27.036386
27.709890
27.613675
25.015873
23.668864
23.861294
20.974847
24.438584
26.362882
28.864469
29.441758
30.981197
29.537973
30.019048
28.287179
31.750916
31.462271
29.537973
26.843956
23.476435
17.318681
15.105739
14.143590
13.951160
13.951160
13.373871
13.181441
12.026862
12.700366
15.201954
17.703541
18.088400
18.473260
21.167277
21.936996
19.627839
18.473260
17.607326
17.799756
17.607326
15.683028
15.105739
12.604151
11.449573
10.679853
9.910134
9.910134
11.545788
12.700366
10.391209
11.160928
9.236630
8.466911
8.563126
9.429060
7.889621
8.563126
6.350183
5.291819
3.944811
3.848596
4.810745
6.446398
4.714530
2.020513
-0.384860
-3.559951
-5.772894
-7.793407
-9.813919
-10.391209
-9.525275
-8.274481
-8.659341
-9.332845
-9.621490
-10.391209
-11.545788
-12.604151
-10.102564
-9.429060
-6.542613
-5.965324
-4.522100
-5.676679
-5.965324
-7.312332
-7.793407
-9.621490
-12.123077
-15.683028
-17.799756
-17.511111
-17.895971
-15.683028
-14.720879
-12.219292
-10.679853
-8.755556
-6.542613
-3.944811
-0.673504
-0.962149
-0.288645
-1.443223
-2.116728
-5.388034
-8.178266
-8.178266
-7.793407
-8.082051
-7.793407
-9.332845
-9.621490
-10.391209
-12.604151
-14.047375
-12.411722
-12.026862
-11.738217
-9.236630
-8.370696
-4.906960
-2.405372
2.405372
6.350183
10.391209
12.989011
13.085226
10.776068
6.350183
5.003175
-1.347009
0.481074
-1.443223
2.212943
0.962149
-2.597802
-4.425885
-5.676679
-5.580464
-6.927473
-7.312332
-10.872283
-13.277656
-14.239805
-15.779243
-16.260317
-18.377045
-22.321856
-19.531624
-20.205128
-15.779243
-9.236630
-4.522100
-0.673504
3.848596
6.350183
9.044200
8.466911
6.735043
5.580464
1.731868
-4.522100
-6.350183
-17.030037
-6.735043
-6.253968
-4.810745
0.384860
1.635653
1.635653
5.676679
6.157753
-0.288645
-6.253968
-14.336020
-18.761905
-19.724054
-16.741392
-12.123077
-14.432234
-17.030037
-16.837607
-15.971673
-14.528449
-11.834432
-6.350183
-3.559951
-6.638828
-9.910134
-14.047375
-14.624664
-13.758730
-12.700366
-10.198779
-10.391209
-13.373871
-17.222466
-24.053724
-28.383394
-24.342369
-14.143590
-5.965324
-4.906960
-8.274481
-11.738217
-15.009524
-17.414896
-15.586813
-11.064713
-4.041026
-2.501587
-2.405372
-5.869109
-7.119902
-7.600977
-1.635653
5.965324
11.353358
13.758730
13.951160
10.487424
8.178266
10.968498
16.741392
19.242979
20.878632
16.837607
14.432234
12.892796
11.930647
12.219292
15.971673
17.607326
15.009524
8.947985
4.329670
1.443223
2.309158
2.694017
5.388034
6.157753
4.618315
3.367521
0.384860
-2.116728
-2.116728
-0.384860
3.559951
0.769719
6.061538
7.023687
8.563126
11.257143
9.621490
10.006349
12.123077
11.449573
7.600977
6.350183
2.212943
1.250794
-2.309158
2.309158
4.137241
5.195604
1.635653
0.962149
-0.673504
-0.962149
0.962149
4.329670
2.020513
3.175092
0.865934
-2.405372
-7.216117
-9.236630
-11.642002
-11.834432
-10.679853
-10.583639
-10.102564
-9.140415
-17.703541
-14.336020
-19.724054
-21.744567
-25.593162
-24.919658
-23.380220
-21.071062
-14.720879
-10.487424
-4.810745
-2.886447
1.539438
6.446398
9.813919
13.277656
16.837607
22.129426
25.015873
24.246154
24.342369
24.246154
21.744567
20.397558
21.744567
20.012698
16.548962
17.414896
18.665690
17.607326
18.473260
18.377045
19.339194
15.586813
13.181441
5.580464
-0.481074
-8.274481
-8.755556
-10.391209
-9.332845
-8.851770
-8.755556
-11.257143
-12.411722
-13.854945
-15.586813
-15.586813
-13.181441
-14.528449
-12.700366
-14.720879
-15.875458
-18.954335
-16.260317
-14.047375
-7.216117
0.000000
5.965324
6.446398
4.137241
0.096215
0.096215
-3.559951
-3.752381
-4.522100
-2.309158
-5.869109
-4.714530
-1.347009
0.000000
0.673504
3.175092
1.828083
0.096215
-2.020513
-4.810745
-9.525275
-13.951160
-16.933822
-18.473260
-18.473260
-16.933822
-14.239805
-11.642002
-8.947985
-6.638828
-6.735043
-5.484249
-6.638828
-8.178266
-10.583639
-12.026862
-14.528449
-11.834432
-9.236630
-3.271306
1.058364
7.119902
9.332845
12.219292
17.318681
18.761905
20.012698
19.531624
17.703541
18.184615
19.435409
19.339194
20.301343
20.589988
20.782418
19.724054
17.414896
16.837607
15.779243
16.933822
15.490598
12.892796
10.391209
10.294994
11.353358
11.930647
11.930647
11.353358
8.466911
8.274481
6.831258
7.119902
6.831258
4.137241
0.769719
-0.192430
-3.752381
-7.889621
-9.621490
-12.507937
-17.895971
-20.974847
-22.802930
-25.593162
-24.438584
-24.727228
-22.514286
-18.377045
-12.989011
-7.408547
-3.463736
-0.288645
-1.924298
-2.116728
-1.154579
-0.481074
-0.673504
-1.250794
-3.559951
-2.309158
-2.597802
-1.539438
-0.384860
-3.752381
-5.965324
-7.889621
-6.831258
-7.504762
-5.580464
-2.212943
1.635653
3.752381
4.425885
7.312332
5.676679
3.271306
3.944811
4.522100
4.329670
6.735043
8.755556
10.583639
11.930647
11.545788
9.910134
8.947985
9.429060
8.466911
10.102564
7.697192
9.429060
12.507937
13.277656
14.432234
15.875458
17.414896
17.992186
17.607326
16.741392
16.741392
17.703541
20.301343
22.514286
23.957509
25.015873
24.534799
26.266667
25.400733
23.668864
20.589988
19.627839
15.875458
12.892796
7.023687
5.965324
4.618315
4.041026
3.752381
2.886447
-1.924298
-5.099389
-7.408547
-7.985836
-5.484249
-1.635653
0.192430
1.250794
2.309158
2.309158
2.501587
5.388034
7.504762
11.449573
16.356532
17.318681
15.779243
12.989011
11.449573
10.968498
12.507937
16.548962
17.992186
17.799756
14.432234
12.123077
8.851770
9.717705
9.717705
8.466911
3.175092
-0.673504
-4.810745
-8.851770
-8.466911
-7.600977
-9.525275
-12.219292
-18.569475
-21.936996
-21.648352
-19.339194
-17.895971
-14.817094
-15.971673
-15.201954
-15.683028
-17.799756
-17.030037
-15.779243
-15.105739
-15.298168
-18.569475
-20.974847
-20.012698
-23.668864
-14.624664
-8.947985
-4.041026
-0.769719
2.116728
4.906960
5.291819
5.099389
6.350183
8.274481
7.119902
6.253968
6.446398
4.137241
2.694017
0.481074
1.347009
0.000000
