4.618315
12.507937
12.315507
12.700366
8.274481
3.463736
0.192430
4.714530
8.178266
12.219292
10.776068
5.580464
0.673504
-1.443223
-1.924298
1.250794
9.429060
13.277656
13.854945
16.452747
10.776068
1.154579
-8.370696
-13.181441
-12.219292
-4.522100
2.597802
5.965324
5.484249
0.096215
-5.291819
-4.714530
1.731868
6.735043
8.178266
2.020513
-6.157753
-10.679853
-2.694017
0.481074
0.096215
3.271306
3.848596
4.522100
0.673504
-2.501587
-3.463736
-5.291819
-7.600977
-5.484249
-3.175092
-0.288645
1.347009
0.769719
0.481074
-2.982662
-4.233455
-2.694017
1.154579
5.099389
4.137241
-0.192430
-3.559951
-6.735043
-6.446398
-0.096215
5.291819
1.250794
-4.137241
-1.250794
2.694017
9.429060
15.490598
17.607326
20.012698
23.572650
16.837607
14.624664
15.298168
11.930647
3.367521
-2.405372
-4.041026
-5.484249
8.370696
7.600977
4.714530
2.886447
2.886447
6.638828
11.353358
13.854945
7.697192
2.790232
-0.096215
3.559951
5.772894
-0.769719
-6.542613
-12.411722
-10.294994
-0.481074
8.659341
9.525275
9.910134
3.175092
-5.772894
-15.009524
-19.050549
-15.875458
-11.930647
-12.796581
-13.373871
-17.703541
-20.686203
-18.473260
-15.394383
-13.566300
-11.353358
-9.044200
-2.405372
3.559951
8.466911
9.910134
7.119902
-2.982662
-9.621490
-11.353358
-10.776068
-6.831258
-1.539438
-3.078877
-3.752381
-3.848596
-3.078877
-0.481074
5.003175
8.178266
6.446398
0.865934
-4.137241
-7.408547
-11.738217
4.137241
8.082051
5.772894
4.618315
2.982662
2.116728
7.312332
9.236630
4.810745
0.577289
-3.271306
-1.635653
0.192430
-0.481074
0.000000
-2.790232
-8.851770
-13.277656
-11.642002
-10.679853
-10.294994
-12.123077
-14.047375
-16.548962
-11.064713
-3.752381
3.271306
6.253968
7.119902
3.463736
-0.577289
-3.752381
2.886447
11.257143
15.009524
11.930647
10.679853
7.889621
8.466911
10.294994
10.487424
5.388034
2.116728
-0.673504
1.828083
-2.597802
-6.061538
-8.082051
-8.947985
-13.181441
-11.545788
-10.102564
-8.178266
-7.119902
-11.064713
-11.642002
-12.219292
-9.429060
-2.982662
-1.058364
-4.137241
-8.274481
-8.947985
-6.927473
0.000000
-2.309158
-4.714530
-3.078877
3.944811
7.504762
7.023687
4.810745
5.003175
2.405372
-0.192430
-4.522100
-4.618315
-1.250794
2.501587
7.408547
12.796581
13.566300
8.563126
5.099389
5.003175
9.525275
10.679853
11.545788
11.257143
9.717705
9.332845
12.219292
9.717705
8.178266
5.484249
1.539438
-0.673504
-0.673504
-0.096215
0.673504
3.559951
5.484249
5.772894
5.195604
4.618315
4.906960
7.216117
8.274481
8.947985
9.621490
10.583639
11.642002
7.697192
5.965324
3.271306
4.137241
1.250794
-0.192430
-7.697192
-10.776068
-9.332845
-2.116728
-0.288645
0.769719
-1.924298
-0.865934
-1.924298
0.384860
-1.635653
0.288645
1.731868
3.656166
4.810745
2.694017
0.384860
2.597802
7.023687
5.195604
1.443223
-2.886447
-5.772894
-8.370696
-9.813919
-6.927473
-6.735043
-6.157753
-8.466911
-10.294994
-9.140415
-5.869109
-5.676679
-3.271306
-1.443223
1.058364
6.350183
13.470085
17.607326
15.683028
7.793407
-0.769719
-4.810745
-6.061538
-5.580464
-6.735043
-6.253968
-5.291819
-3.656166
-1.635653
-0.577289
0.962149
-1.154579
-3.463736
-0.288645
3.656166
2.116728
-0.673504
-1.347009
-1.539438
2.020513
1.539438
3.656166
8.947985
12.796581
14.624664
18.377045
17.414896
10.679853
5.195604
3.175092
-3.463736
-3.559951
-4.714530
-4.522100
-2.886447
-5.003175
-6.061538
-3.367521
-1.828083
-4.906960
-7.793407
-5.580464
0.481074
5.869109
7.600977
7.119902
7.504762
6.831258
8.755556
9.525275
12.796581
13.085226
16.452747
24.053724
26.459096
21.840781
12.892796
3.175092
-3.367521
-8.755556
-15.971673
-22.418071
-24.246154
-23.861294
-19.146764
-18.377045
-16.260317
-9.621490
-8.466911
-8.851770
-5.388034
-2.597802
-1.154579
1.924298
2.116728
2.694017
-1.347009
-2.982662
-1.635653
-2.694017
-1.250794
2.020513
1.924298
-1.347009
-0.096215
0.000000
-2.886447
-5.965324
-6.927473
-7.504762
-8.274481
-8.947985
-3.463736
-2.405372
-2.405372
-6.061538
-6.350183
-6.542613
-4.810745
-3.078877
-0.865934
-0.577289
-0.384860
-2.597802
-7.023687
-4.618315
-2.982662
-2.116728
-3.271306
-6.638828
-8.082051
-8.370696
-6.831258
-7.408547
-4.618315
-6.735043
-9.910134
-9.621490
-3.367521
1.250794
-1.731868
-4.425885
-2.597802
-2.694017
3.463736
10.776068
13.758730
9.910134
5.965324
4.714530
2.597802
-1.154579
-7.697192
-8.274481
-5.580464
-5.772894
-4.233455
-3.367521
-4.714530
-8.370696
-9.140415
-5.869109
-2.020513
-1.828083
-2.886447
0.481074
5.195604
4.810745
1.058364
0.577289
3.463736
3.367521
7.697192
7.119902
7.504762
6.350183
7.985836
10.583639
12.219292
14.528449
10.006349
2.597802
-1.635653
-5.965324
-7.408547
-8.947985
-11.642002
-11.064713
-6.927473
-5.388034
-9.525275
-10.006349
-7.600977
-5.676679
-2.790232
-3.367521
-9.525275
-7.119902
-10.198779
-2.020513
2.694017
2.597802
1.250794
2.405372
9.910134
15.394383
11.738217
6.061538
3.944811
10.487424
13.470085
13.085226
12.700366
15.009524
19.339194
20.686203
16.933822
10.776068
0.192430
-6.446398
-11.545788
-14.047375
-15.971673
-10.006349
-5.676679
-1.058364
0.481074
-0.673504
2.597802
6.157753
9.717705
11.353358
7.312332
8.851770
8.370696
6.253968
6.927473
5.869109
5.772894
8.466911
5.965324
5.869109
7.793407
6.542613
4.522100
2.790232
7.697192
10.583639
4.714530
4.041026
3.078877
-0.769719
-3.175092
-2.790232
-3.944811
-4.810745
-1.443223
-2.309158
-3.848596
-4.233455
-4.425885
-4.618315
-3.559951
-2.212943
2.597802
6.157753
7.697192
7.793407
6.927473
8.082051
5.099389
2.116728
0.000000
-2.790232
-4.810745
-6.831258
-8.851770
-7.408547
-7.985836
-9.332845
-10.968498
-6.735043
-7.408547
-3.944811
-0.962149
0.288645
-2.116728
-5.676679
-6.350183
-3.656166
-2.694017
-2.790232
-3.078877
0.673504
-2.405372
-2.597802
-3.656166
-5.484249
-2.694017
-3.944811
-0.577289
-2.116728
-0.865934
0.865934
1.154579
2.501587
2.309158
4.618315
4.233455
3.463736
6.542613
9.236630
11.834432
8.947985
3.559951
2.309158
0.577289
-2.309158
-2.501587
-1.443223
1.539438
3.656166
1.828083
0.769719
-0.288645
-0.673504
-1.250794
-2.790232
-5.003175
-8.466911
-10.583639
-9.621490
-3.752381
-3.656166
-6.157753
-6.542613
-4.810745
-10.583639
0.865934
3.752381
5.195604
4.714530
3.656166
1.058364
-2.116728
-4.233455
-7.312332
-6.638828
-7.312332
-4.810745
0.577289
3.463736
3.367521
4.041026
4.714530
2.694017
-0.096215
-0.481074
-0.481074
-1.924298
-0.673504
-3.752381
-5.484249
-7.023687
-7.023687
-1.154579
1.443223
2.982662
0.673504
0.962149
-0.865934
-6.157753
-9.621490
-10.102564
-9.044200
-5.003175
-3.848596
-3.656166
-2.212943
-2.790232
-5.676679
-0.673504
-0.962149
-0.192430
-6.350183
0.962149
-0.288645
-4.618315
-6.061538
-2.886447
0.865934
7.312332
8.370696
7.119902
4.233455
2.020513
-0.096215
-5.099389
-6.927473
-5.003175
0.000000
4.329670
7.408547
2.020513
-1.347009
-0.673504
4.137241
10.487424
12.892796
13.277656
9.429060
4.618315
3.367521
3.752381
0.673504
-3.367521
-7.697192
-5.772894
-5.484249
-7.023687
-6.831258
-9.236630
0.288645
0.481074
-3.559951
-2.405372
-0.192430
0.769719
4.041026
4.810745
6.253968
7.216117
6.638828
8.466911
7.793407
6.350183
3.175092
-2.886447
0.962149
4.522100
5.099389
2.020513
-2.982662
-4.714530
-1.443223
-2.501587
-5.099389
-7.216117
-6.157753
-5.580464
-3.944811
-2.694017
-2.212943
-6.831258
-7.600977
-7.697192
-5.099389
-3.078877
-2.694017
-5.869109
-5.772894
-3.848596
1.443223
6.446398
12.123077
11.160928
9.332845
9.717705
8.851770
9.236630
10.583639
9.621490
9.332845
2.212943
10.968498
9.910134
10.006349
9.910134
9.717705
5.580464
7.408547
10.391209
12.219292
13.085226
11.834432
7.119902
1.828083
2.982662
2.212943
-5.388034
-10.006349
-11.738217
-9.621490
-5.869109
-0.288645
-0.384860
3.656166
0.192430
-0.288645
0.673504
5.003175
5.772894
7.312332
8.851770
11.545788
12.411722
9.813919
6.735043
6.350183
5.388034
7.504762
9.717705
11.257143
10.487424
10.487424
8.274481
9.236630
7.216117
3.752381
2.309158
4.618315
6.253968
6.253968
-0.384860
-2.982662
-7.504762
-8.659341
-4.618315
-5.484249
-3.463736
-2.405372
-2.597802
-4.329670
-7.408547
-6.061538
-5.869109
-10.294994
-16.837607
-18.954335
-16.933822
-13.566300
-11.930647
-9.717705
-7.312332
-5.195604
-2.212943
0.288645
0.384860
-1.731868
-3.175092
-2.020513
0.673504
0.096215
-2.309158
-5.580464
-5.869109
-3.559951
-0.096215
-1.635653
-4.522100
-2.020513
2.694017
9.910134
12.315507
10.102564
5.291819
5.869109
4.618315
2.790232
0.962149
-4.137241
-2.309158
1.347009
8.274481
10.294994
12.219292
5.869109
0.962149
-3.752381
-4.810745
-8.659341
-9.044200
-9.717705
-14.143590
-13.277656
-7.504762
1.058364
5.388034
6.350183
6.253968
-0.192430
-1.731868
-0.481074
-0.577289
-1.731868
-5.003175
-4.618315
-1.347009
0.673504
4.041026
11.064713
19.724054
19.627839
12.507937
6.157753
1.731868
2.694017
2.694017
2.597802
-1.924298
-4.137241
-4.906960
-1.250794
2.597802
8.082051
10.102564
2.790232
-4.618315
-11.353358
-10.487424
-8.274481
-4.137241
-4.810745
-9.140415
-6.253968
-2.501587
0.481074
-1.635653
-1.058364
0.000000
-0.096215
-2.116728
-5.291819
-6.061538
-7.119902
-6.927473
-6.446398
-7.889621
-5.388034
-1.250794
3.175092
2.597802
3.463736
0.673504
-3.656166
-5.676679
-2.982662
-1.635653
2.212943
1.828083
0.000000
0.192430
-1.154579
1.154579
3.752381
6.157753
9.429060
8.466911
1.924298
-5.965324
-5.676679
-1.539438
-1.924298
0.865934
1.154579
4.714530
7.985836
7.985836
5.772894
2.982662
-2.212943
-2.982662
0.288645
-4.329670
-6.157753
-6.061538
-5.003175
-6.831258
-3.656166
-3.848596
-4.137241
-6.061538
-2.982662
-4.137241
-1.058364
2.886447
5.099389
5.195604
2.597802
5.388034
8.370696
4.714530
0.577289
0.962149
2.309158
2.020513
0.288645
-0.481074
-2.694017
-3.078877
0.000000
1.731868
0.481074
-0.384860
-2.116728
-5.291819
-5.003175
-6.350183
-5.099389
0.096215
7.697192
10.294994
5.003175
0.962149
-1.250794
-0.673504
1.058364
-0.577289
0.769719
1.058364
4.041026
5.099389
6.638828
3.367521
2.309158
4.425885
-0.192430
-2.309158
-2.597802
-3.078877
-2.982662
-0.192430
2.597802
3.944811
-0.384860
-4.233455
-5.195604
-5.195604
-3.078877
-3.271306
-5.772894
-8.466911
-3.848596
0.000000
-0.577289
-2.982662
1.828083
6.542613
11.064713
12.700366
8.370696
4.522100
1.443223
-1.250794
-1.539438
-0.769719
0.673504
2.501587
8.370696
9.910134
10.294994
6.157753
3.944811
0.577289
-2.405372
-4.041026
-13.470085
-4.137241
-2.694017
-1.731868
-2.694017
-0.577289
4.041026
-3.175092
-12.315507
-16.933822
-14.528449
-8.851770
-3.944811
-2.405372
1.731868
6.253968
6.638828
6.831258
4.810745
2.597802
0.962149
0.769719
1.828083
4.906960
8.563126
6.927473
2.116728
-0.673504
0.962149
0.673504
0.384860
0.865934
1.250794
2.694017
-3.078877
-5.388034
-5.772894
-8.178266
-3.848596
0.577289
-1.058364
-0.384860
2.982662
7.023687
7.023687
-1.347009
-7.697192
-9.140415
-4.233455
-2.790232
-2.886447
-3.463736
-1.539438
-1.924298
2.020513
1.443223
1.250794
0.192430
-2.405372
-5.965324
-9.140415
-7.889621
-7.312332
-5.195604
-4.522100
-5.772894
-5.388034
-5.388034
-5.099389
-5.580464
-0.769719
2.309158
0.769719
0.000000
-1.443223
-5.869109
-13.566300
-13.470085
-7.793407
-2.501587
-0.962149
-2.694017
-3.559951
-9.044200
-11.064713
-5.965324
2.405372
7.023687
6.253968
2.597802
-1.635653
-1.058364
2.597802
3.752381
-1.539438
-2.597802
-1.828083
3.463736
5.965324
6.157753
3.367521
-1.924298
-3.367521
-3.078877
1.635653
5.965324
3.656166
1.347009
-2.886447
-5.099389
-5.965324
-5.195604
-3.559951
-3.078877
-3.175092
-7.504762
-8.947985
-5.869109
-4.041026
-0.384860
2.597802
5.195604
6.350183
7.697192
6.446398
0.673504
1.058364
7.312332
9.044200
13.373871
9.525275
6.350183
2.597802
7.023687
13.951160
13.566300
9.236630
7.312332
7.023687
8.851770
10.583639
12.604151
13.566300
13.277656
16.067888
17.222466
14.432234
8.851770
8.274481
7.985836
3.848596
3.752381
2.501587
2.212943
2.405372
0.865934
-4.906960
-9.236630
-9.429060
-4.714530
0.288645
2.309158
2.694017
-2.309158
-4.810745
-5.195604
-5.291819
-3.078877
0.673504
0.865934
-0.769719
-2.597802
-5.580464
-9.044200
-11.738217
-12.989011
-12.989011
-11.834432
-8.851770
-6.157753
-0.384860
2.790232
2.020513
-0.384860
-2.982662
-4.714530
-3.271306
-3.271306
-0.962149
1.154579
4.329670
7.023687
8.659341
6.542613
3.944811
0.962149
0.096215
-3.944811
-7.023687
-6.350183
-1.347009
7.216117
7.408547
0.865934
0.288645
-4.425885
-8.370696
-7.023687
-4.810745
-4.714530
-6.253968
-6.253968
-2.597802
5.003175
11.545788
7.697192
8.851770
2.597802
-2.982662
-8.274481
-9.429060
-11.353358
-12.989011
-10.583639
-6.157753
-0.096215
3.944811
10.006349
13.181441
12.219292
9.332845
3.175092
-4.041026
-10.102564
-13.470085
-14.336020
-9.429060
-2.790232
3.656166
5.388034
2.212943
-0.962149
-1.828083
0.577289
1.443223
2.501587
1.443223
0.673504
-0.577289
-2.405372
-2.212943
1.058364
2.982662
0.096215
-4.618315
-8.466911
-7.216117
-7.600977
-3.271306
3.271306
5.869109
2.116728
-0.962149
-1.058364
-0.192430
1.154579
1.828083
0.384860
-1.058364
-4.810745
-3.559951
2.982662
8.947985
12.700366
8.659341
-0.481074
-2.020513
-1.635653
5.676679
6.735043
5.388034
7.985836
8.370696
5.484249
4.714530
4.714530
2.212943
0.096215
0.769719
5.772894
6.253968
1.635653
8.563126
8.082051
2.405372
-2.501587
-6.253968
-4.906960
-0.384860
1.443223
3.271306
2.597802
2.694017
0.000000
-4.233455
-6.157753
-5.195604
-8.178266
-7.889621
-6.157753
-4.714530
-5.099389
-4.906960
-2.886447
-1.058364
0.769719
4.233455
5.676679
6.735043
7.312332
10.487424
9.140415
3.463736
0.096215
2.020513
3.367521
0.673504
-1.731868
-0.096215
0.962149
0.384860
1.539438
5.484249
4.137241
0.673504
-5.965324
-8.851770
-9.429060
-5.580464
-4.329670
-5.388034
-6.157753
-5.676679
0.096215
2.501587
2.405372
1.924298
1.731868
-1.347009
-4.425885
-7.408547
-5.388034
-6.927473
-10.391209
-12.700366
-10.006349
-5.099389
5.291819
13.181441
13.373871
9.140415
8.466911
5.291819
4.714530
3.752381
4.618315
3.175092
3.944811
3.463736
2.309158
0.673504
0.865934
-1.058364
-4.329670
-7.504762
-9.429060
-10.294994
-11.064713
-11.449573
-10.776068
-11.257143
-7.216117
-1.154579
3.944811
7.408547
13.181441
13.566300
8.178266
5.580464
7.889621
8.659341
4.425885
-1.731868
-12.026862
-17.607326
-11.545788
-7.793407
-5.388034
-0.481074
3.752381
7.504762
7.889621
5.676679
4.041026
0.962149
-1.443223
-5.291819
-5.676679
-0.384860
2.886447
1.635653
3.367521
3.944811
1.828083
-1.635653
-4.137241
-7.312332
-7.697192
-8.466911
-8.178266
3.463736
4.618315
1.924298
0.481074
0.096215
0.384860
3.848596
3.656166
4.041026
8.659341
10.487424
13.470085
17.318681
20.012698
17.703541
11.834432
5.772894
0.577289
-2.597802
2.020513
4.329670
8.947985
13.277656
17.511111
17.992186
22.033211
22.033211
19.050549
11.545788
2.886447
-2.405372
-4.425885
-10.776068
-16.067888
-16.452747
-11.834432
-9.332845
-7.985836
-10.776068
-11.545788
-10.968498
-10.006349
-7.216117
-3.559951
-0.481074
0.000000
-1.828083
-2.020513
-0.865934
-0.577289
0.192430
-0.192430
0.096215
0.673504
-3.175092
-6.638828
-6.638828
-7.119902
-7.023687
-3.752381
-2.982662
-3.656166
-6.157753
-5.291819
-1.731868
0.673504
1.731868
-1.154579
-3.848596
-9.236630
-17.222466
-18.858120
-13.470085
-5.965324
-0.384860
3.848596
2.501587
-9.717705
-23.380220
-27.998535
-30.692552
-29.730403
-27.228816
-21.359707
-12.123077
-3.656166
2.886447
5.388034
4.810745
3.175092
4.906960
5.869109
4.810745
0.000000
-4.618315
-8.947985
-11.353358
-7.793407
-6.350183
-0.673504
2.790232
6.253968
8.851770
10.198779
7.600977
4.906960
-4.906960
-13.085226
-14.528449
-10.776068
-2.790232
6.542613
9.525275
12.507937
7.793407
-1.924298
-9.621490
-12.123077
-11.064713
-6.638828
-3.078877
-0.769719
7.312332
10.583639
6.831258
-0.096215
-0.288645
-4.233455
-4.425885
0.192430
5.484249
5.195604
0.577289
-5.580464
-14.047375
-16.548962
-13.951160
-2.886447
6.253968
2.982662
-2.694017
-5.291819
-9.429060
-7.793407
-8.563126
-12.026862
-11.930647
-14.528449
-15.971673
-12.507937
-3.848596
5.099389
9.429060
10.102564
10.006349
9.140415
7.408547
4.041026
1.058364
0.577289
2.212943
8.563126
15.875458
17.126252
13.854945
9.429060
4.810745
2.501587
4.618315
6.253968
3.367521
0.962149
0.865934
3.271306
5.291819
1.347009
1.635653
4.618315
10.102564
13.951160
13.662515
13.277656
12.604151
12.989011
12.026862
10.294994
4.714530
1.154579
0.577289
3.752381
7.408547
5.484249
4.041026
2.694017
6.735043
12.411722
13.470085
8.178266
1.443223
-0.384860
3.944811
6.446398
7.119902
6.638828
4.137241
8.274481
12.892796
16.645177
15.779243
14.336020
9.910134
6.831258
-2.212943
10.583639
11.064713
11.738217
10.391209
8.082051
8.659341
13.951160
14.143590
12.892796
9.621490
6.542613
7.408547
9.525275
9.429060
5.291819
3.175092
6.253968
13.373871
15.683028
16.452747
13.566300
4.329670
-9.910134
-15.298168
-7.216117
6.061538
14.239805
16.741392
16.548962
12.315507
4.906960
-3.944811
-7.312332
-4.425885
-1.924298
2.790232
6.542613
10.102564
8.947985
6.638828
7.600977
8.082051
4.041026
8.563126
5.099389
3.463736
-1.250794
-0.384860
4.618315
9.429060
8.370696
4.137241
0.865934
-2.405372
-9.140415
-15.779243
-17.895971
-12.700366
-10.391209
-9.429060
-6.927473
-3.752381
-1.154579
-2.116728
-6.253968
-11.642002
-17.126252
-11.738217
-3.656166
3.271306
2.790232
-2.597802
-9.332845
-15.201954
-17.895971
-13.470085
-4.425885
1.635653
1.924298
-6.253968
-10.294994
-13.566300
-11.834432
-8.082051
-2.597802
0.481074
6.927473
-3.656166
-7.697192
-2.597802
2.405372
-2.212943
-0.577289
12.411722
-3.271306
-14.432234
2.212943
10.679853
13.277656
-10.968498
-4.714530
-2.886447
16.164103
10.006349
0.096215
-16.356532
-2.982662
3.848596
-4.233455
-8.274481
-1.635653
8.466911
21.263492
-24.727228
-7.119902
-3.175092
-2.020513
-17.992186
-7.697192
-4.425885
-6.638828
0.288645
-29.537973
-16.837607
-5.388034
3.848596
2.982662
-11.160928
-17.799756
1.154579
-27.902320
-7.697192
-4.233455
-5.580464
-9.140415
-15.201954
-16.067888
-13.854945
-15.298168
-13.566300
-8.947985
-5.965324
-11.064713
-9.332845
-8.563126
-11.642002
-13.277656
-10.391209
-14.432234
-17.414896
-14.432234
-2.212943
0.673504
1.154579
-16.067888
-25.304518
-26.940171
-21.071062
-10.102564
-2.501587
-5.099389
-0.769719
-6.927473
-9.621490
-12.219292
-17.895971
-12.315507
-16.645177
-19.050549
-16.452747
-15.779243
-15.490598
-25.881807
-25.881807
-27.132601
-20.205128
-13.085226
-6.927473
-11.353358
-15.105739
-12.604151
-17.799756
-14.720879
-2.309158
-5.772894
4.810745
7.504762
-7.408547
-0.865934
-1.154579
0.577289
0.577289
4.137241
3.175092
0.481074
17.511111
19.531624
22.899145
20.397558
19.916484
9.910134
9.910134
18.569475
17.318681
10.679853
22.899145
18.858120
20.589988
20.686203
25.400733
20.493773
11.834432
19.435409
15.009524
19.435409
20.108913
13.085226
23.765079
14.432234
18.665690
16.645177
21.648352
18.473260
21.167277
22.995360
19.050549
22.802930
17.126252
16.356532
6.638828
8.082051
7.985836
13.951160
20.686203
13.854945
14.432234
18.377045
16.260317
11.160928
15.201954
9.621490
8.370696
4.329670
5.772894
6.638828
14.720879
13.181441
17.126252
14.432234
12.315507
12.315507
15.586813
6.831258
4.714530
1.250794
3.944811
3.944811
13.277656
4.810745
3.559951
-3.559951
-4.714530
3.175092
3.078877
3.656166
-1.154579
1.443223
-0.865934
-2.886447
-3.078877
-7.889621
-9.044200
0.577289
-1.924298
-2.694017
2.116728
-1.347009
-4.618315
-1.539438
-1.443223
-9.525275
-12.123077
-9.044200
-2.886447
-6.638828
-10.583639
-9.813919
-8.851770
-7.023687
-5.291819
-10.102564
-12.219292
-5.388034
0.865934
1.635653
2.020513
-2.790232
-4.618315
-7.600977
-3.078877
-4.329670
-6.542613
-5.869109
-5.965324
-9.044200
-9.525275
-11.257143
-7.600977
-7.023687
-8.082051
-11.642002
-8.082051
-9.717705
-13.181441
-7.793407
-9.813919
-14.336020
-17.607326
-19.339194
