-5.846154
-6.588523
-6.681319
-5.846154
-2.227106
1.020757
2.505495
1.855922
2.134310
0.835165
-0.278388
1.391941
-1.113553
-2.783883
-3.711844
-0.649573
-1.113553
-4.918193
-3.247863
-2.412698
-2.227106
-0.371184
0.092796
2.691087
2.319902
1.484737
3.247863
3.155067
1.670330
1.670330
1.763126
1.484737
-0.371184
2.319902
2.969475
2.505495
3.526252
4.454212
4.454212
5.753358
7.238095
6.495726
8.537241
5.474969
0.835165
-3.526252
-9.465201
-9.743590
-9.836386
-9.557998
-7.516484
-4.547009
-2.598291
-3.340659
-1.299145
-0.927961
-0.742369
0.000000
-0.835165
-0.742369
-2.505495
-3.247863
-5.196581
-10.393162
-3.155067
-2.691087
-10.949939
-1.577534
-0.649573
-7.423687
4.175824
6.031746
0.556777
7.794872
9.557998
6.774115
5.103785
-1.855922
-5.567766
-5.846154
-4.175824
-4.361416
-2.412698
-3.340659
-0.556777
0.556777
2.134310
4.547009
6.495726
5.382173
2.041514
-1.577534
-5.196581
-5.753358
-3.340659
-2.691087
-0.185592
-0.185592
1.206349
1.113553
0.371184
2.319902
3.062271
4.361416
-0.185592
-1.577534
-2.691087
-4.175824
-4.083028
-4.175824
-4.361416
-4.175824
-1.206349
-0.649573
0.000000
-3.340659
-1.484737
-3.062271
-3.804640
-5.567766
-4.268620
-3.897436
-3.247863
-2.227106
0.556777
1.299145
5.474969
9.743590
11.042735
11.135531
7.887668
1.113553
-4.825397
-10.393162
-15.404151
-16.053724
-13.733822
-10.114774
-6.588523
-2.134310
3.711844
8.258852
10.021978
12.713065
11.413919
7.423687
5.846154
3.526252
-0.927961
-6.217338
-8.722833
-7.794872
-5.382173
-4.732601
-2.783883
-0.649573
1.855922
5.660562
10.114774
14.012210
15.032967
13.548230
13.455433
10.578755
5.382173
0.649573
-2.041514
-3.062271
-3.711844
-5.196581
-4.918193
-2.412698
0.463980
1.391941
1.855922
7.516484
6.217338
10.300366
7.423687
7.702076
4.732601
2.412698
-2.598291
-5.103785
-7.238095
-12.341880
-12.713065
-11.692308
-9.650794
-6.959707
-3.340659
0.463980
2.691087
6.031746
6.774115
3.711844
1.577534
-1.206349
-1.948718
-2.041514
-2.969475
-2.969475
-6.031746
-6.866911
-5.753358
-6.217338
-8.537241
-5.103785
-6.959707
-6.124542
-7.794872
-6.217338
-5.938950
-7.238095
-7.238095
-7.609280
-5.753358
-2.134310
1.113553
3.619048
6.959707
8.815629
8.444444
6.124542
4.732601
3.247863
2.783883
0.463980
-0.463980
-1.113553
-1.855922
-3.990232
-6.217338
-2.969475
-2.041514
-0.556777
-1.113553
0.649573
0.278388
0.649573
-1.020757
-0.278388
1.948718
3.433455
3.433455
4.361416
3.711844
2.505495
0.742369
-0.556777
-4.175824
-9.001221
-10.393162
-10.114774
-10.578755
-12.063492
-8.908425
-6.588523
-6.031746
-2.134310
-3.990232
-3.526252
-5.010989
-5.382173
-8.537241
-8.351648
-6.774115
-5.010989
-4.547009
-3.804640
-2.227106
-1.855922
-0.835165
-2.505495
-3.711844
-4.175824
-1.948718
-4.825397
-3.526252
-1.484737
-1.299145
0.185592
0.000000
1.299145
-2.691087
-2.969475
-7.516484
-7.330891
-9.929182
-5.753358
-5.567766
-6.588523
-5.196581
-4.454212
-7.238095
-10.300366
-7.330891
-5.753358
-6.310134
-7.609280
-8.444444
-5.382173
-4.361416
-3.340659
-2.412698
-2.041514
-4.083028
-2.134310
-6.866911
-7.702076
-7.516484
-4.268620
-3.526252
-3.433455
-1.391941
-0.556777
-0.835165
-1.020757
-1.299145
-1.299145
-3.340659
-5.103785
-4.083028
-3.526252
-3.433455
-2.876679
-3.433455
-1.113553
2.505495
4.639805
3.990232
6.217338
3.062271
2.412698
-2.041514
-3.340659
-2.969475
-8.444444
-13.177045
-12.805861
-13.362637
-10.578755
-5.938950
-2.598291
1.391941
5.846154
1.206349
3.619048
2.876679
5.196581
3.711844
2.134310
-0.927961
-1.113553
-1.484737
0.742369
1.391941
2.319902
2.691087
2.876679
3.804640
4.547009
3.990232
3.340659
3.062271
-0.278388
-0.092796
2.876679
3.062271
3.247863
3.526252
6.774115
3.804640
5.938950
6.681319
7.330891
6.402930
2.876679
0.927961
0.927961
-1.484737
-2.969475
-2.227106
-0.463980
2.319902
2.227106
3.247863
1.391941
3.340659
3.247863
1.763126
2.041514
2.227106
5.010989
6.681319
7.238095
6.124542
1.206349
-6.774115
-5.938950
-3.247863
0.000000
1.670330
9.094017
13.455433
12.063492
10.578755
9.650794
5.382173
1.948718
-2.691087
-4.639805
-4.175824
-1.299145
-1.484737
-0.092796
2.598291
3.155067
4.918193
4.547009
2.691087
1.206349
1.763126
3.247863
2.969475
-1.763126
-2.691087
-3.247863
-1.113553
0.092796
0.649573
1.206349
5.474969
9.279609
9.001221
10.764347
10.485958
10.393162
9.001221
4.547009
-7.702076
-4.825397
-9.279609
-11.599512
-12.063492
-5.567766
-0.278388
4.547009
4.639805
9.279609
5.567766
1.299145
2.969475
1.670330
-2.412698
-7.516484
-9.001221
-11.692308
-12.713065
-14.568987
-11.321123
-6.124542
-2.227106
1.206349
5.660562
7.516484
7.516484
7.794872
8.166056
7.145299
5.474969
3.340659
-7.794872
-7.052503
-11.785104
-11.228327
-9.465201
-5.938950
-1.577534
1.391941
3.804640
4.639805
6.866911
8.258852
4.918193
0.556777
-8.073260
-11.228327
-12.620269
-10.485958
-9.743590
-8.073260
-7.609280
-2.505495
3.247863
4.825397
5.289377
6.310134
5.382173
-0.185592
-1.855922
-5.567766
-8.722833
-11.135531
-12.991453
-14.383394
-11.785104
-3.711844
0.742369
3.340659
5.103785
6.402930
5.382173
4.083028
0.649573
-3.526252
-7.423687
-10.207570
-12.434676
-12.156288
-8.444444
-10.671551
-0.463980
1.577534
3.340659
3.155067
2.134310
4.175824
-1.577534
-4.454212
-8.258852
-10.485958
-9.929182
-9.186813
-6.402930
-3.804640
-1.577534
0.371184
1.391941
0.927961
-3.062271
-6.217338
-5.289377
-6.866911
-7.238095
-5.660562
-2.969475
-0.927961
0.556777
3.062271
2.505495
5.567766
3.526252
4.361416
1.484737
-0.092796
-4.083028
-4.918193
-5.010989
-0.927961
0.835165
-0.649573
0.742369
1.948718
0.742369
-0.185592
-0.556777
-1.670330
-2.227106
-2.969475
-3.619048
-1.484737
-0.092796
3.062271
1.113553
2.598291
0.556777
2.783883
1.948718
2.598291
1.855922
3.897436
4.732601
4.918193
3.340659
4.639805
3.897436
3.433455
4.268620
3.433455
3.433455
3.990232
4.454212
5.010989
1.670330
1.577534
-1.206349
-3.247863
-5.660562
-6.124542
-7.609280
-6.681319
-2.691087
-3.247863
-1.391941
3.062271
3.897436
4.918193
5.010989
1.577534
-5.753358
-4.454212
-6.959707
-10.393162
-11.877900
-11.877900
-10.949939
-9.465201
-6.217338
-2.876679
-1.948718
0.742369
3.433455
3.711844
1.113553
-0.556777
-3.433455
-5.010989
-8.166056
-10.207570
-8.722833
-13.641026
-3.155067
-3.340659
-0.742369
1.113553
1.670330
1.855922
2.598291
3.711844
3.804640
1.948718
1.020757
2.412698
3.340659
2.691087
1.577534
2.319902
-1.299145
-3.247863
-5.846154
-9.557998
-13.548230
-13.548230
-13.641026
-15.404151
-13.733822
-12.434676
-11.321123
-9.557998
-6.959707
-5.382173
-6.217338
-5.010989
-6.124542
-7.702076
-10.857143
-10.485958
-11.785104
-14.290598
-14.012210
-14.940171
-14.197802
-15.589744
-12.713065
-7.887668
0.649573
6.402930
11.506716
12.991453
11.413919
8.351648
3.155067
-3.062271
-3.526252
-7.609280
-11.692308
-14.940171
-15.218559
-13.084249
-8.351648
-4.547009
0.556777
1.206349
-0.649573
0.649573
-0.371184
-5.103785
-5.938950
-7.609280
-5.382173
-4.268620
-3.340659
-2.227106
0.092796
0.927961
-0.927961
-4.361416
-4.918193
-7.980464
-11.506716
-12.156288
-10.207570
-9.650794
-8.351648
-6.402930
-1.020757
-2.134310
-2.783883
-4.083028
-3.062271
-4.732601
-7.702076
-9.929182
-8.444444
-7.145299
-6.866911
-5.196581
-4.732601
-6.310134
-3.897436
-1.484737
1.113553
-0.556777
-2.041514
-0.649573
-0.371184
0.092796
2.319902
2.227106
1.670330
1.855922
0.000000
-0.927961
-1.206349
-0.092796
5.660562
15.589744
17.909646
15.218559
17.167277
12.527473
7.980464
6.402930
0.927961
-2.876679
-6.681319
-6.866911
-4.918193
-5.382173
-2.598291
0.835165
1.855922
2.227106
4.918193
7.980464
8.722833
8.537241
9.279609
6.402930
7.052503
8.073260
7.052503
6.774115
5.196581
2.598291
2.412698
5.474969
5.289377
7.145299
7.887668
11.877900
14.940171
14.383394
13.269841
13.548230
11.042735
6.959707
2.876679
0.185592
-0.742369
-3.897436
-6.681319
-5.567766
-3.990232
-1.020757
3.804640
7.887668
10.207570
7.980464
5.753358
4.732601
5.289377
0.742369
-1.948718
-8.073260
-9.372405
-13.269841
-13.177045
-14.476190
-10.578755
-5.753358
-0.556777
2.598291
2.969475
3.897436
6.217338
3.433455
2.691087
1.484737
0.000000
-0.835165
-0.278388
-0.649573
0.185592
-0.185592
-1.113553
1.299145
1.948718
1.113553
3.433455
4.175824
1.113553
1.855922
2.319902
2.876679
4.639805
3.711844
1.577534
-1.484737
-4.825397
-5.567766
-3.526252
-4.732601
-1.299145
0.371184
1.763126
3.433455
5.103785
6.866911
4.454212
3.062271
1.206349
2.227106
1.948718
1.206349
0.556777
-0.556777
-0.185592
-4.361416
-3.433455
-2.134310
-3.711844
-5.474969
-3.711844
-1.948718
-0.185592
2.783883
2.969475
2.134310
0.000000
-0.278388
1.206349
0.092796
0.185592
0.556777
1.577534
-0.092796
-0.742369
-1.391941
-3.247863
0.927961
-0.092796
2.134310
4.175824
2.969475
2.505495
-1.206349
-1.855922
-4.175824
-4.361416
-5.660562
-7.145299
-6.402930
-3.062271
-4.361416
-4.825397
-3.897436
-2.691087
0.092796
-0.371184
-1.113553
-3.433455
-3.433455
-1.855922
-1.206349
-1.855922
-3.433455
-4.268620
-6.866911
-8.630037
-9.929182
-6.217338
-8.630037
-8.351648
-5.289377
-1.670330
-3.619048
1.391941
1.299145
-0.371184
2.505495
4.639805
5.010989
3.711844
1.763126
1.113553
0.185592
-1.670330
-3.340659
-2.691087
-2.319902
1.299145
0.835165
-1.855922
-0.092796
-0.092796
-1.299145
-0.556777
0.092796
0.649573
3.433455
1.763126
0.649573
-1.299145
1.763126
1.020757
-2.412698
-3.247863
-2.783883
-2.134310
2.969475
7.052503
7.609280
5.474969
9.557998
10.114774
10.021978
6.588523
6.031746
6.031746
4.454212
1.948718
2.041514
3.526252
6.031746
5.474969
7.145299
9.557998
5.660562
1.948718
-1.299145
-2.134310
-1.763126
0.556777
1.948718
3.897436
5.474969
4.732601
4.918193
3.897436
4.454212
2.691087
2.134310
0.649573
-2.041514
-4.732601
-2.319902
3.155067
9.650794
11.042735
12.156288
6.774115
0.556777
-2.691087
-4.361416
-9.465201
-9.650794
-6.495726
-2.783883
1.484737
6.031746
5.382173
4.268620
3.619048
1.577534
-5.196581
-7.702076
-9.743590
-11.785104
-11.506716
-7.330891
-3.804640
-0.371184
2.876679
4.639805
3.804640
6.031746
6.959707
3.897436
-0.278388
-0.556777
-3.340659
-3.433455
-2.412698
-1.763126
-3.433455
-0.835165
-2.041514
-0.927961
-1.763126
-0.649573
-1.299145
0.092796
-0.649573
-4.639805
-6.959707
-10.021978
-12.527473
-12.063492
-12.991453
-12.620269
-14.290598
-12.805861
-8.444444
-3.619048
-1.484737
-0.371184
1.020757
1.763126
1.391941
1.484737
0.463980
-0.185592
-2.319902
-4.547009
-7.702076
-7.516484
-4.918193
-2.134310
-1.763126
2.876679
5.938950
10.949939
12.713065
14.197802
15.032967
16.517705
12.156288
11.135531
10.207570
6.588523
2.412698
-2.041514
-6.124542
-6.124542
-5.010989
-2.319902
3.340659
5.567766
5.103785
6.124542
4.175824
2.505495
2.876679
0.556777
-2.412698
-2.691087
-2.876679
-3.433455
-5.382173
-8.537241
-11.135531
-10.485958
-9.650794
-7.330891
-4.083028
-1.577534
1.948718
4.361416
4.825397
1.948718
-0.185592
-2.598291
-3.247863
-2.691087
-6.217338
-3.804640
-9.094017
-10.578755
-12.713065
-12.341880
-12.620269
-11.877900
-9.001221
-6.031746
-2.691087
0.000000
2.691087
4.825397
6.866911
5.196581
2.412698
0.092796
-1.948718
-6.681319
-10.021978
-13.641026
-11.877900
-10.764347
-7.145299
-7.052503
-6.681319
-6.959707
-7.516484
-5.289377
-5.567766
-6.681319
-11.970696
-11.506716
-13.548230
-15.218559
-14.847375
-13.084249
-12.805861
-10.949939
-5.103785
-2.691087
1.020757
1.206349
-0.092796
0.927961
-3.155067
-2.691087
-2.412698
-2.041514
1.020757
1.299145
3.062271
1.670330
2.041514
3.062271
0.463980
-3.619048
-3.433455
-4.175824
-6.681319
-4.825397
-4.083028
-2.134310
-0.278388
4.361416
6.774115
9.650794
8.351648
6.495726
6.402930
7.145299
8.537241
7.052503
4.918193
4.361416
2.319902
1.670330
1.391941
1.299145
-0.927961
-1.484737
-3.897436
0.556777
0.185592
1.670330
1.020757
3.062271
2.505495
-2.691087
-7.145299
-7.238095
-8.722833
-8.351648
-7.702076
-3.990232
-4.083028
-1.391941
-1.484737
0.371184
2.969475
5.382173
4.732601
2.041514
0.463980
-1.113553
-1.577534
-4.918193
-8.537241
-7.423687
-6.588523
-6.310134
-7.145299
-6.588523
-4.732601
-1.948718
0.371184
0.185592
0.835165
2.227106
3.340659
2.134310
-2.227106
-2.505495
-2.783883
-2.134310
-2.969475
-2.876679
-4.083028
-2.598291
-4.175824
-5.660562
-13.919414
-3.804640
-3.340659
-1.577534
-1.855922
-2.783883
-0.649573
-0.742369
-2.134310
0.092796
-0.463980
0.185592
-3.062271
-2.505495
-4.083028
-7.238095
-13.733822
-13.919414
-13.826618
-11.413919
-10.485958
-9.279609
-7.702076
-3.804640
0.835165
1.484737
1.855922
4.732601
5.010989
5.103785
3.062271
5.010989
3.062271
2.041514
0.185592
-0.092796
0.927961
0.556777
1.484737
2.134310
1.484737
1.206349
1.206349
0.649573
0.185592
0.927961
-1.020757
-2.691087
-3.990232
-6.774115
-8.166056
-6.124542
-2.783883
-0.742369
0.927961
1.855922
1.113553
-1.206349
-2.598291
-4.639805
-7.516484
-8.537241
-12.805861
-12.805861
-9.929182
-5.196581
-0.835165
1.855922
4.825397
6.588523
0.835165
4.083028
3.340659
0.185592
-4.732601
-8.258852
-10.857143
-14.012210
-12.898657
-6.217338
-2.319902
3.990232
9.001221
11.692308
14.568987
16.981685
17.724054
18.280830
15.496947
12.063492
7.980464
3.155067
-2.969475
-7.609280
-9.279609
-12.434676
-17.074481
-18.373626
-18.466422
-17.260073
-18.652015
-19.301587
-17.538462
-16.239316
-14.197802
-11.877900
-12.898657
-11.135531
-11.785104
-11.413919
-10.021978
-8.815629
-5.289377
-1.577534
-0.185592
5.567766
8.537241
13.455433
13.269841
14.476190
16.053724
14.012210
14.012210
14.290598
12.713065
11.506716
8.258852
4.918193
5.289377
7.052503
10.021978
6.588523
6.959707
7.887668
10.764347
13.084249
14.290598
17.816850
17.167277
17.352869
19.765568
17.631258
18.095238
18.837607
17.631258
18.744811
18.837607
15.496947
12.156288
11.970696
11.228327
10.393162
12.434676
14.568987
12.620269
12.249084
11.228327
10.300366
8.815629
8.351648
6.495726
7.702076
5.753358
5.196581
0.835165
-2.598291
-1.670330
-0.278388
2.969475
3.990232
6.124542
6.217338
5.289377
4.268620
3.619048
2.227106
2.876679
1.299145
0.742369
2.505495
0.092796
0.371184
0.185592
-0.742369
-1.299145
-3.155067
-4.547009
-2.227106
-3.247863
-3.526252
-3.247863
-2.505495
-3.340659
-3.062271
-5.660562
-6.217338
-4.918193
-3.619048
-3.990232
-4.175824
-5.010989
-3.711844
-4.732601
-2.969475
-3.897436
-6.774115
-7.145299
-6.402930
-6.031746
-4.454212
-3.247863
-0.371184
2.598291
2.876679
3.619048
2.783883
1.206349
-0.742369
-2.505495
-7.423687
-7.238095
-9.001221
-7.423687
-5.474969
-2.134310
1.484737
0.000000
-1.113553
-3.711844
-6.866911
-7.423687
-6.031746
-2.319902
-1.670330
-0.742369
1.670330
2.134310
2.783883
2.691087
1.763126
6.588523
5.103785
4.083028
3.804640
1.763126
2.691087
-0.463980
-2.412698
-3.433455
-7.423687
-5.753358
-5.938950
-7.609280
-10.114774
-9.836386
-8.630037
-6.495726
-3.155067
-0.927961
-2.041514
-4.454212
-3.526252
-6.124542
-7.887668
-8.166056
-8.908425
-11.877900
-13.733822
-16.703297
-16.517705
-15.682540
-14.476190
-11.413919
-13.084249
-13.826618
-10.300366
-8.166056
-7.702076
-5.103785
-4.732601
-2.598291
-5.103785
-6.310134
-3.990232
-3.619048
-5.196581
-6.310134
-10.857143
-15.960928
-13.455433
-12.713065
-8.722833
-4.268620
-1.670330
-2.134310
-1.206349
-3.897436
-4.547009
-5.103785
-3.433455
0.649573
1.670330
0.371184
0.835165
5.103785
2.876679
0.556777
-0.927961
-1.206349
-3.340659
-6.217338
-6.588523
-5.289377
-4.732601
-3.062271
0.000000
2.876679
7.052503
9.743590
8.815629
7.702076
3.155067
3.711844
1.763126
-1.763126
-2.598291
-2.041514
-0.835165
-0.835165
3.340659
5.753358
6.866911
5.938950
4.639805
1.577534
-0.371184
-1.299145
-1.484737
1.299145
-0.092796
-1.113553
-1.855922
-0.463980
-0.835165
-3.526252
-2.412698
-1.577534
-0.463980
1.020757
1.670330
3.340659
2.041514
0.742369
0.556777
-0.185592
-0.649573
-2.598291
-2.134310
-1.206349
-1.206349
0.463980
-0.463980
-0.463980
-0.371184
1.391941
2.041514
0.463980
0.092796
-4.175824
-6.866911
-6.681319
-4.361416
-6.774115
-5.474969
-2.876679
-2.227106
-1.299145
-2.783883
-1.948718
-1.020757
-1.948718
-1.484737
-3.990232
-6.310134
-5.660562
-3.433455
0.092796
0.835165
0.556777
1.020757
2.969475
-0.278388
1.391941
1.484737
4.361416
5.474969
4.547009
3.340659
7.887668
5.382173
0.556777
-5.103785
-6.774115
-6.588523
-4.918193
-4.083028
-2.319902
0.835165
4.175824
6.217338
4.732601
2.691087
3.804640
3.340659
2.227106
2.783883
3.155067
4.175824
1.948718
2.319902
0.649573
0.278388
-3.619048
-4.268620
-2.598291
-2.598291
-2.412698
0.927961
5.196581
7.980464
7.702076
6.588523
6.310134
7.423687
7.052503
5.567766
0.835165
0.000000
-0.371184
0.185592
-1.484737
0.185592
3.340659
6.217338
7.702076
6.031746
5.382173
8.908425
3.897436
3.526252
0.185592
-1.948718
-1.670330
-0.371184
-1.391941
-2.227106
-3.711844
-3.247863
-2.505495
-2.969475
-1.763126
0.927961
3.711844
3.990232
2.412698
-0.092796
-1.391941
0.278388
0.278388
-2.876679
-4.639805
-5.474969
-3.526252
-3.897436
0.371184
3.990232
5.103785
4.732601
3.897436
3.619048
1.206349
-1.670330
-1.299145
-3.062271
-3.990232
-0.556777
0.185592
-0.835165
-3.711844
-6.310134
-4.825397
-2.227106
-4.083028
-5.660562
-1.299145
-1.020757
0.185592
4.454212
5.196581
-2.134310
-2.783883
0.092796
-3.433455
-15.125763
-17.074481
-13.362637
-13.919414
-9.186813
-3.897436
-3.804640
-5.753358
-2.969475
4.268620
4.639805
1.484737
0.649573
-1.855922
-6.402930
-9.001221
-7.702076
-4.732601
-1.484737
0.185592
-0.092796
1.020757
1.299145
4.175824
5.289377
0.278388
3.340659
2.691087
-1.206349
-2.783883
-2.134310
-0.371184
-0.927961
0.927961
2.876679
4.732601
4.732601
4.825397
2.412698
0.742369
1.299145
2.041514
3.804640
8.908425
12.991453
14.197802
10.764347
4.639805
0.556777
-2.227106
-5.660562
-7.887668
-7.980464
-7.516484
-5.103785
-3.155067
-0.649573
4.547009
5.846154
9.186813
10.764347
8.444444
6.217338
3.155067
-0.927961
-11.321123
-8.258852
-9.279609
-7.887668
-8.722833
-9.743590
-7.980464
-6.866911
-2.505495
2.227106
5.103785
3.711844
-0.278388
-2.134310
-0.185592
2.598291
3.990232
7.238095
8.166056
3.990232
3.062271
0.463980
-1.577534
-6.124542
-9.650794
-8.722833
-7.145299
-4.361416
-2.969475
-0.835165
-0.649573
-2.412698
-9.372405
-4.175824
-3.062271
-2.969475
-3.711844
-4.639805
-3.247863
-2.041514
-1.670330
-1.670330
0.185592
0.463980
3.804640
4.268620
1.206349
-1.855922
-4.175824
-7.516484
-9.372405
-9.279609
-9.557998
-7.145299
-2.598291
-2.319902
-2.319902
0.927961
5.382173
6.124542
10.578755
11.413919
7.330891
6.031746
5.938950
5.010989
4.732601
3.526252
2.505495
0.092796
-0.927961
-4.454212
-5.660562
-5.196581
0.463980
3.433455
1.577534
1.113553
1.391941
0.000000
3.526252
3.711844
0.185592
-0.463980
-0.371184
-5.660562
-4.825397
-10.021978
-10.671551
-12.063492
-10.114774
-8.537241
-7.702076
-7.887668
-4.083028
-1.855922
0.371184
2.691087
5.196581
0.927961
-0.278388
-1.948718
-2.412698
-3.711844
-7.794872
-8.444444
-10.207570
-8.722833
-7.238095
-14.661783
-6.588523
-3.155067
2.227106
4.175824
3.062271
2.412698
0.371184
-1.763126
-3.897436
-4.639805
-2.319902
-0.649573
-1.763126
-2.319902
-1.948718
-2.319902
-1.763126
-1.577534
-0.835165
-0.463980
-0.556777
-1.020757
-0.649573
-1.763126
1.670330
3.990232
4.825397
7.330891
8.444444
6.588523
2.691087
-1.299145
-3.433455
-4.083028
-7.052503
-7.980464
-9.557998
-10.764347
-12.156288
-9.836386
-7.609280
-6.124542
-9.465201
-0.371184
-2.319902
-2.505495
-1.206349
-0.742369
-0.371184
-1.391941
-2.134310
-3.897436
-0.835165
0.000000
-2.783883
-2.598291
2.041514
2.319902
5.753358
5.660562
8.258852
4.825397
4.732601
1.299145
0.278388
0.278388
2.691087
2.783883
3.433455
2.041514
4.268620
7.794872
7.238095
-1.855922
5.474969
5.753358
6.588523
4.639805
3.990232
2.876679
1.484737
-2.319902
-1.948718
-3.247863
