12.604151
10.872283
11.449573
10.583639
10.679853
9.717705
7.600977
7.312332
7.216117
6.061538
3.367521
2.694017
4.906960
7.600977
10.391209
11.738217
14.143590
13.373871
11.738217
10.198779
8.178266
6.831258
4.522100
3.944811
5.580464
8.755556
7.793407
9.621490
8.178266
6.350183
4.425885
2.982662
1.347009
0.000000
-3.367521
-2.309158
0.962149
3.367521
4.810745
6.446398
8.082051
9.236630
11.064713
8.947985
10.006349
11.064713
10.294994
8.370696
4.041026
4.137241
2.405372
1.250794
2.309158
1.924298
-0.962149
0.481074
-0.192430
2.020513
1.347009
1.731868
2.982662
-0.192430
-0.288645
-1.828083
-4.425885
-6.061538
-12.026862
-2.790232
-2.309158
-5.484249
-4.618315
-6.157753
-6.061538
-4.137241
-3.848596
-1.635653
-0.384860
0.673504
-1.635653
-2.982662
-5.676679
-3.271306
-3.175092
-1.154579
1.924298
3.559951
2.116728
3.656166
5.099389
9.813919
9.332845
4.233455
3.944811
4.618315
7.600977
9.621490
8.851770
5.003175
4.522100
1.347009
-1.154579
-2.790232
-2.212943
-1.154579
-5.099389
0.288645
-0.865934
-3.463736
-5.676679
-6.061538
-5.580464
-5.484249
-4.329670
-6.735043
-7.312332
-6.446398
-3.848596
-3.078877
-3.848596
-6.157753
-4.618315
-5.580464
-5.869109
-6.638828
-7.023687
-9.140415
-11.449573
-12.604151
-14.528449
-12.123077
-11.545788
-11.930647
-12.700366
-10.679853
-8.947985
-7.697192
-6.638828
-8.755556
-10.487424
-13.373871
-12.796581
-12.411722
-10.583639
-10.583639
-7.889621
-8.178266
-8.466911
-6.735043
-4.137241
-3.078877
-3.656166
-5.869109
-4.425885
-0.673504
-0.865934
-5.099389
-6.253968
-2.116728
-2.116728
-0.769719
-0.288645
0.000000
-1.731868
-0.962149
-2.020513
-2.501587
-0.769719
1.828083
3.463736
5.772894
4.906960
3.848596
4.810745
6.831258
7.600977
7.408547
7.504762
7.504762
4.522100
3.367521
0.288645
-1.058364
-0.577289
0.000000
1.347009
0.481074
0.865934
2.501587
5.099389
5.676679
4.810745
5.580464
3.848596
3.559951
3.559951
3.463736
4.906960
2.116728
2.020513
1.924298
1.828083
6.542613
8.370696
11.257143
10.776068
9.332845
6.446398
7.697192
7.985836
4.906960
1.924298
2.405372
1.058364
-2.982662
0.962149
3.944811
5.291819
8.082051
6.735043
3.175092
1.828083
3.463736
7.119902
10.583639
7.697192
2.982662
0.096215
-0.769719
1.924298
5.676679
5.965324
6.542613
5.003175
2.982662
3.367521
5.869109
6.638828
7.889621
9.140415
4.810745
2.982662
2.790232
4.714530
8.563126
8.082051
10.294994
9.429060
9.140415
5.676679
4.906960
6.542613
7.793407
9.429060
8.659341
5.291819
4.041026
7.600977
11.449573
16.933822
17.030037
16.452747
15.779243
12.604151
7.312332
6.061538
6.157753
5.772894
3.463736
-0.384860
-7.408547
-7.889621
-8.947985
-5.965324
-6.350183
-5.580464
-1.058364
-0.769719
-1.828083
-1.539438
-1.250794
-0.192430
0.577289
-2.309158
-4.137241
-6.061538
-6.253968
-4.233455
-5.484249
-5.772894
-4.714530
-1.347009
-1.250794
-2.116728
-0.384860
1.924298
3.078877
3.463736
1.347009
-1.250794
-3.463736
-1.443223
0.962149
4.041026
7.600977
8.851770
8.947985
5.291819
-0.384860
-1.443223
-3.367521
-6.061538
-5.676679
-4.425885
-3.559951
-1.731868
1.250794
4.233455
4.618315
5.869109
7.408547
5.003175
2.309158
-0.288645
-3.752381
-4.233455
-4.233455
0.000000
1.828083
2.982662
2.309158
-0.962149
-0.865934
0.288645
3.367521
7.504762
9.525275
6.350183
4.233455
1.539438
0.192430
1.924298
1.731868
1.443223
-2.020513
-2.309158
-3.271306
-5.195604
-5.772894
-7.023687
-9.813919
-8.947985
-10.006349
-7.889621
-6.831258
-7.600977
-9.236630
-9.236630
-10.294994
-10.968498
-13.181441
-13.758730
-12.315507
-12.219292
-15.971673
-20.108913
-20.782418
-17.895971
-15.586813
-9.140415
-6.061538
-4.618315
-2.309158
-0.577289
2.020513
1.924298
1.731868
-0.096215
-3.078877
-5.003175
-4.329670
-2.982662
-2.309158
-0.577289
1.347009
2.982662
-2.886447
5.772894
4.714530
-3.175092
4.714530
6.638828
12.507937
14.720879
13.277656
11.353358
6.927473
7.216117
7.119902
5.003175
6.253968
6.446398
1.731868
-0.384860
-0.962149
0.962149
6.446398
9.332845
9.525275
10.006349
10.391209
11.930647
12.892796
10.872283
9.525275
6.735043
3.752381
2.116728
2.982662
2.020513
-0.384860
0.000000
0.865934
-1.347009
2.309158
0.673504
0.769719
-0.481074
-1.539438
-1.635653
1.539438
2.597802
2.982662
2.597802
1.635653
0.962149
-0.288645
0.962149
1.731868
3.752381
5.484249
3.656166
3.944811
4.329670
6.638828
5.965324
6.350183
8.659341
9.717705
7.697192
2.405372
-0.192430
-0.673504
-0.481074
-1.443223
-1.347009
-3.078877
-4.522100
-5.195604
-5.580464
-5.772894
-6.638828
-4.522100
-4.618315
-4.425885
-6.638828
-4.810745
-2.309158
0.000000
1.058364
2.309158
2.116728
0.865934
0.288645
1.347009
1.635653
3.078877
0.769719
-0.769719
-0.192430
-1.250794
-3.944811
-5.869109
-8.082051
-7.312332
-4.425885
-1.443223
2.694017
3.656166
5.676679
9.236630
6.638828
10.391209
8.755556
10.102564
8.851770
5.099389
3.656166
1.539438
-0.096215
-0.481074
1.828083
3.559951
3.752381
3.175092
1.924298
-2.212943
-1.924298
2.886447
6.157753
7.119902
6.927473
5.772894
4.810745
5.676679
6.638828
7.408547
7.600977
5.291819
3.271306
0.865934
1.731868
5.195604
5.003175
2.597802
-0.865934
-4.714530
-7.216117
-5.965324
1.154579
5.676679
4.906960
0.865934
-2.694017
-4.329670
-4.233455
-4.137241
-2.309158
-2.501587
-4.810745
-7.312332
-7.889621
-5.003175
-2.501587
0.577289
0.577289
-6.735043
-15.875458
-21.263492
-19.820269
-15.009524
-8.851770
-5.484249
-6.927473
-11.642002
-15.105739
-15.009524
-8.947985
-3.656166
0.384860
0.000000
-4.329670
-5.291819
-5.099389
-1.635653
-0.384860
-0.384860
-4.329670
-9.621490
-14.913309
-16.356532
-13.854945
-11.834432
-9.621490
-8.563126
-8.755556
-9.236630
-11.064713
-10.872283
-9.140415
-8.755556
-5.099389
-2.212943
-1.924298
1.058364
4.041026
8.178266
8.274481
7.889621
7.023687
2.501587
-2.212943
-2.982662
-5.869109
-5.484249
-3.271306
-3.559951
-2.694017
-2.790232
-3.463736
-3.848596
-5.965324
-1.058364
-0.962149
-3.944811
-5.195604
-5.195604
-6.350183
-6.927473
-6.927473
-5.388034
-5.099389
-5.484249
-5.388034
-4.329670
-2.886447
-3.848596
-6.253968
-5.003175
-2.597802
-1.828083
-2.309158
-3.175092
-4.233455
-4.329670
-8.082051
-10.102564
-11.642002
-14.143590
-13.373871
-12.026862
-9.429060
-5.965324
-4.041026
-1.635653
-2.020513
-5.388034
-6.446398
-7.889621
-7.216117
-5.484249
-7.119902
-3.752381
-5.003175
-2.116728
0.288645
0.000000
-1.443223
-2.982662
0.000000
0.000000
0.962149
0.481074
1.250794
0.000000
-1.731868
-1.828083
-0.577289
0.865934
-0.288645
1.058364
1.828083
2.501587
1.154579
-0.192430
-0.865934
-6.061538
-7.697192
-7.119902
-7.312332
-8.178266
-8.178266
-5.388034
-2.886447
0.384860
1.828083
0.577289
-1.924298
0.000000
1.443223
1.635653
2.020513
1.828083
1.058364
0.962149
1.539438
-0.481074
-0.481074
2.405372
2.309158
1.539438
1.635653
1.250794
-0.288645
2.501587
6.061538
7.697192
9.621490
8.851770
7.119902
5.869109
7.793407
9.044200
11.449573
9.429060
6.446398
2.501587
1.347009
7.889621
5.580464
2.309158
3.944811
7.504762
8.659341
8.274481
4.522100
0.865934
0.000000
0.865934
3.559951
0.481074
3.944811
4.906960
5.195604
10.968498
12.123077
16.067888
15.298168
14.239805
12.123077
9.044200
5.965324
3.944811
1.635653
-2.982662
-5.580464
-6.157753
-4.906960
-3.271306
-1.828083
-1.443223
1.443223
1.250794
-0.384860
-0.288645
1.058364
-0.288645
2.212943
0.865934
-1.731868
-0.673504
-1.635653
2.020513
4.810745
5.676679
5.965324
6.542613
6.927473
4.522100
5.869109
2.405372
-0.481074
-0.769719
-2.790232
-4.810745
-6.061538
-7.697192
-8.466911
-7.889621
-10.102564
-8.659341
-6.831258
-5.388034
-0.096215
0.962149
1.443223
1.539438
2.886447
0.481074
-4.906960
0.000000
0.962149
3.848596
1.828083
4.041026
3.848596
3.271306
2.212943
3.848596
5.195604
4.906960
5.003175
4.714530
3.752381
3.752381
4.137241
1.731868
1.443223
0.865934
-0.769719
1.828083
5.772894
7.600977
8.370696
9.140415
10.776068
11.930647
12.700366
13.085226
10.487424
6.061538
2.116728
1.635653
1.635653
1.539438
2.212943
0.769719
-5.869109
-9.813919
-11.545788
-9.332845
-5.676679
-3.848596
-5.965324
-12.026862
-15.586813
-14.239805
-8.659341
-2.020513
2.982662
5.484249
3.656166
-0.673504
-4.425885
-3.271306
-0.481074
3.944811
5.484249
0.865934
-7.889621
-11.353358
-10.968498
-7.408547
-1.058364
5.484249
7.889621
6.927473
2.501587
-2.694017
-2.116728
1.058364
4.522100
8.659341
8.659341
6.061538
4.618315
5.580464
6.157753
12.026862
16.837607
15.009524
4.714530
-2.309158
-5.291819
-6.638828
-5.003175
0.865934
7.600977
9.717705
7.023687
4.041026
4.906960
5.195604
11.064713
17.126252
17.895971
14.047375
11.930647
11.064713
8.659341
10.198779
12.700366
12.219292
11.738217
11.545788
10.583639
7.985836
6.542613
9.621490
11.834432
12.411722
7.216117
-0.962149
-4.137241
-4.137241
0.577289
5.484249
7.216117
4.522100
-0.384860
-6.735043
-9.332845
-7.697192
-5.003175
-1.539438
-0.192430
-1.731868
-4.522100
-7.504762
-8.274481
-7.697192
-6.638828
-2.886447
-6.350183
0.481074
0.096215
3.271306
2.212943
3.752381
4.041026
4.522100
2.501587
2.116728
-0.288645
-3.078877
-5.195604
-6.735043
-6.157753
-3.559951
-3.271306
-1.731868
-2.212943
-2.116728
0.481074
0.288645
-0.673504
2.309158
1.443223
-0.481074
-0.481074
-1.635653
-3.271306
-5.772894
-7.119902
-5.484249
-3.944811
-4.137241
-0.384860
-2.694017
-3.367521
-4.041026
-7.889621
-10.968498
-12.507937
-13.085226
-12.796581
-10.102564
-7.793407
-4.522100
-5.195604
-4.522100
-0.673504
0.673504
1.347009
2.790232
0.673504
-0.673504
-0.962149
-3.078877
-4.041026
-5.003175
-5.003175
-3.078877
0.192430
4.137241
6.157753
7.504762
7.119902
8.466911
7.985836
6.542613
6.446398
5.388034
5.965324
2.790232
0.673504
-0.288645
-0.673504
0.673504
-2.982662
-5.484249
-7.793407
-9.621490
-7.312332
-6.542613
-5.003175
-3.078877
-1.443223
0.288645
2.982662
0.962149
-3.752381
-6.157753
-5.195604
-5.580464
-6.831258
-8.851770
-9.140415
-7.697192
-6.542613
-5.388034
-5.484249
-6.157753
-8.370696
-9.044200
-10.679853
-10.583639
-12.315507
-9.044200
-6.542613
-3.848596
-3.463736
-1.635653
-0.096215
-2.501587
-2.790232
-2.309158
-2.501587
-1.058364
1.924298
0.673504
0.000000
-0.577289
-0.481074
-0.962149
-4.137241
-6.927473
-9.621490
-10.294994
-7.697192
-5.965324
-7.504762
-8.178266
-6.735043
-5.291819
-1.924298
-0.577289
2.982662
2.212943
-0.577289
-3.848596
-4.233455
-6.446398
-4.714530
-1.058364
1.635653
0.673504
-1.731868
-2.597802
-4.137241
-2.501587
-3.463736
-4.041026
-3.078877
-1.058364
-2.212943
-2.790232
1.731868
2.309158
2.405372
2.501587
1.828083
3.848596
6.638828
9.621490
13.951160
15.490598
9.717705
2.020513
-3.271306
-2.116728
-6.638828
2.405372
4.233455
3.559951
-1.250794
-3.656166
-2.886447
-0.288645
2.309158
2.116728
2.212943
-2.405372
-6.927473
-5.772894
-5.291819
-4.137241
0.962149
8.274481
10.872283
10.102564
8.947985
8.274481
7.985836
10.872283
14.143590
16.548962
14.624664
8.082051
-0.962149
-5.484249
-8.082051
-7.889621
-5.003175
1.250794
3.656166
5.772894
6.446398
2.982662
1.154579
2.790232
7.504762
11.834432
10.487424
5.388034
-0.865934
-3.463736
-6.927473
-1.635653
2.212943
6.157753
9.140415
9.044200
0.769719
-9.621490
-14.720879
-11.834432
-8.466911
-6.542613
-3.463736
1.539438
2.982662
3.559951
3.656166
6.542613
9.140415
11.449573
10.102564
6.061538
4.810745
3.271306
5.195604
7.793407
11.353358
16.260317
18.088400
18.665690
20.878632
23.091575
20.589988
16.933822
16.452747
18.473260
17.030037
15.105739
9.525275
5.195604
-0.577289
-2.694017
-6.253968
-11.449573
-16.452747
-18.858120
-21.263492
-25.881807
-30.211477
-30.307692
-26.940171
-25.015873
-20.686203
-17.126252
-14.913309
-13.854945
-13.662515
-12.507937
-9.236630
-9.525275
-6.542613
-1.539438
2.597802
6.542613
8.947985
8.659341
6.446398
8.370696
12.700366
10.198779
5.099389
5.869109
6.542613
11.064713
15.105739
17.703541
17.126252
13.085226
4.714530
-0.192430
-1.443223
1.347009
4.329670
2.212943
-3.463736
-6.061538
-8.947985
-6.350183
0.481074
6.253968
8.466911
3.271306
-0.288645
-2.790232
-1.731868
2.597802
4.329670
3.752381
3.175092
2.597802
1.539438
3.367521
3.078877
3.078877
3.367521
-2.694017
-6.735043
-3.848596
1.443223
3.944811
-4.618315
1.250794
-4.618315
-5.869109
-4.329670
-0.192430
1.924298
2.020513
-0.288645
-4.329670
-2.790232
0.384860
1.058364
-1.731868
-3.271306
-5.580464
-6.350183
-9.717705
-17.414896
-18.184615
-15.683028
-10.006349
-7.216117
-6.061538
-4.810745
-3.175092
-0.962149
0.673504
3.463736
6.735043
7.793407
10.391209
9.717705
6.927473
7.023687
10.583639
13.566300
17.895971
17.318681
18.088400
15.875458
10.391209
2.116728
0.000000
0.962149
-1.635653
1.154579
2.501587
4.041026
2.790232
-1.539438
-2.501587
-1.539438
0.673504
3.078877
4.425885
6.831258
9.429060
10.294994
9.910134
10.776068
15.009524
16.645177
13.566300
9.910134
8.659341
8.563126
7.697192
10.294994
11.449573
11.449573
6.350183
2.597802
0.192430
0.865934
0.096215
-1.539438
-0.769719
1.058364
-2.597802
-6.638828
-10.198779
-7.504762
-5.869109
-6.542613
-5.676679
-4.522100
-5.484249
-6.735043
-7.697192
-9.429060
-10.968498
-11.353358
-11.257143
-11.642002
-14.528449
-17.318681
-14.336020
-11.353358
-10.776068
-10.679853
-10.391209
-11.738217
-10.679853
-12.507937
-13.566300
-14.817094
-16.548962
-18.569475
-22.802930
-21.455922
-12.604151
-10.006349
-9.910134
-9.140415
-6.157753
-5.676679
-4.329670
-0.192430
4.137241
3.559951
2.982662
3.463736
6.253968
7.023687
6.735043
5.099389
2.501587
-1.924298
-3.944811
-3.656166
-1.250794
1.635653
2.982662
1.250794
-3.656166
-5.291819
-1.250794
0.865934
0.865934
3.463736
2.116728
1.924298
1.443223
1.443223
3.367521
6.253968
5.484249
5.003175
4.714530
2.790232
2.020513
1.154579
-0.192430
1.924298
0.673504
1.635653
6.061538
8.370696
6.253968
3.848596
0.673504
0.865934
2.405372
3.848596
3.078877
7.023687
8.755556
9.621490
6.157753
4.329670
3.559951
5.099389
9.621490
10.968498
11.160928
6.831258
3.559951
-1.154579
-4.714530
-5.003175
-6.350183
-8.178266
-8.947985
-5.291819
-4.522100
-6.735043
-7.889621
-9.332845
-11.834432
-8.659341
-5.291819
-1.539438
-3.078877
-3.848596
-5.003175
-4.425885
-2.020513
0.096215
2.694017
6.061538
8.851770
8.370696
5.772894
4.618315
2.212943
-2.790232
-7.600977
-11.353358
-10.006349
-7.793407
-3.848596
2.597802
5.388034
6.542613
7.312332
4.329670
3.848596
1.250794
1.250794
-1.058364
2.694017
2.020513
2.597802
3.848596
2.694017
0.096215
2.020513
6.542613
7.119902
6.735043
2.597802
3.848596
3.175092
4.041026
2.982662
0.000000
-0.577289
1.924298
4.233455
6.735043
3.559951
4.714530
7.408547
7.216117
5.580464
2.982662
1.250794
2.405372
7.697192
8.755556
13.085226
7.504762
3.848596
1.443223
5.003175
5.676679
8.082051
5.869109
5.965324
1.924298
-2.309158
-2.597802
-4.810745
1.539438
3.656166
6.061538
7.216117
5.388034
7.408547
7.889621
6.061538
3.271306
2.790232
3.559951
5.195604
4.329670
2.597802
7.408547
6.350183
0.962149
3.944811
-1.539438
-2.694017
-15.201954
29.634188
17.222466
10.968498
6.061538
2.212943
4.041026
3.271306
8.178266
14.624664
8.755556
15.490598
10.679853
8.370696
1.828083
11.545788
13.373871
11.738217
11.353358
8.947985
6.831258
9.236630
6.831258
6.350183
11.160928
7.697192
5.580464
4.906960
3.944811
2.694017
0.000000
3.175092
7.504762
9.813919
12.700366
10.968498
7.889621
7.600977
8.851770
8.178266
10.006349
9.910134
10.294994
10.679853
13.373871
13.373871
13.566300
14.528449
18.088400
18.184615
16.741392
17.030037
18.088400
19.242979
21.263492
23.187790
20.397558
18.761905
15.201954
15.490598
16.741392
19.435409
17.318681
13.566300
8.274481
9.910134
12.219292
10.198779
10.679853
11.257143
5.676679
-0.673504
-6.253968
-14.432234
-11.064713
-11.449573
-9.236630
-8.851770
-16.164103
-22.033211
-17.030037
-19.820269
-20.397558
-21.840781
-24.246154
-25.689377
-29.153114
-29.249328
-21.840781
-23.572650
-26.266667
-23.765079
-23.187790
-24.534799
-24.053724
-23.668864
-18.665690
-16.548962
-12.796581
-15.201954
-17.895971
-24.149939
-21.167277
-15.298168
-13.951160
-12.026862
-7.312332
-10.776068
-15.875458
-22.802930
-20.974847
-18.473260
-13.854945
-24.534799
-27.036386
-30.115263
-33.097924
-21.936996
-18.569475
-17.607326
-22.802930
-24.823443
-23.765079
-25.785592
-20.686203
-19.146764
-14.047375
-13.181441
-11.449573
-15.394383
-17.992186
-19.050549
-21.648352
-22.033211
-22.418071
-24.342369
-22.418071
-18.858120
-19.339194
-17.992186
-10.102564
-7.408547
-11.642002
-13.277656
-10.679853
-11.160928
-10.294994
-13.470085
-24.053724
-27.998535
-20.301343
-10.679853
-2.982662
-0.865934
-1.250794
-4.522100
-9.717705
-15.779243
-21.167277
-18.280830
-13.758730
-8.370696
-8.370696
-8.466911
-9.140415
-4.522100
-1.443223
3.656166
5.291819
-0.865934
-3.078877
-4.906960
-1.250794
-0.096215
-4.233455
1.828083
4.618315
7.600977
3.463736
14.624664
10.198779
4.041026
-4.329670
-10.583639
-9.813919
-9.717705
-10.006349
-15.298168
-15.394383
-14.239805
-12.219292
-6.735043
-3.463736
0.096215
1.731868
-6.253968
1.924298
-6.542613
-10.198779
-6.638828
-4.810745
7.119902
11.642002
19.820269
10.679853
3.559951
-7.119902
-3.944811
2.020513
6.157753
6.253968
13.085226
10.583639
-6.446398
-7.504762
-8.082051
-6.157753
3.463736
3.175092
8.370696
7.793407
1.250794
-9.813919
-5.291819
0.577289
-2.694017
1.250794
9.236630
7.697192
2.886447
-1.924298
-2.597802
-6.831258
2.212943
6.927473
14.913309
18.569475
17.318681
11.930647
5.580464
2.790232
4.906960
7.600977
14.239805
17.126252
14.720879
12.892796
14.720879
16.164103
17.992186
23.572650
19.242979
28.190965
21.648352
15.298168
14.143590
17.222466
23.765079
22.995360
24.053724
25.496947
19.242979
13.951160
9.429060
9.621490
12.123077
17.895971
21.167277
20.782418
15.779243
7.216117
8.851770
6.542613
7.504762
9.332845
6.350183
-8.755556
-11.930647
-16.260317
-12.700366
-4.618315
0.481074
0.384860
2.405372
0.577289
-7.985836
-11.064713
-13.662515
-14.528449
-13.085226
-15.779243
-11.738217
-14.720879
-15.298168
-16.260317
-4.618315
2.212943
4.425885
2.405372
0.769719
-1.924298
-7.312332
-6.061538
-8.082051
1.635653
9.429060
15.875458
9.813919
9.813919
5.388034
0.865934
-0.962149
2.886447
1.635653
7.119902
7.985836
6.253968
-1.058364
-13.566300
-9.332845
-2.886447
-2.694017
3.656166
8.178266
7.697192
8.178266
6.446398
3.367521
1.924298
8.563126
11.064713
16.741392
17.607326
15.779243
7.793407
5.965324
2.212943
0.096215
2.020513
3.559951
2.501587
5.291819
6.638828
10.679853
6.638828
6.253968
5.099389
6.446398
2.501587
2.309158
-2.790232
-5.965324
-5.195604
-4.425885
-1.347009
2.212943
1.635653
-1.539438
-6.735043
-9.044200
-5.869109
1.731868
10.006349
12.123077
15.683028
13.566300
2.405372
-4.329670
-1.154579
1.924298
3.752381
6.831258
12.411722
14.047375
16.260317
13.277656
10.679853
8.851770
10.679853
9.332845
9.332845
8.178266
5.676679
0.096215
-4.233455
-5.195604
-4.233455
0.192430
6.350183
5.195604
0.769719
1.058364
3.752381
2.694017
0.288645
-0.577289
-0.192430
1.828083
3.367521
5.099389
4.329670
7.889621
11.064713
12.700366
7.985836
11.160928
11.834432
9.140415
9.429060
2.790232
-1.443223
4.714530
5.291819
7.023687
7.889621
9.332845
4.714530
12.411722
6.350183
8.659341
1.250794
5.195604
-0.962149
-6.157753
-7.216117
-5.195604
-10.102564
-3.559951
-11.642002
-4.714530
-10.102564
-5.580464
-7.023687
-4.714530
-1.924298
0.865934
-3.944811
1.154579
1.731868
1.443223
-0.481074
-2.790232
-5.772894
-9.140415
-0.192430
-6.542613
0.577289
1.250794
-1.250794
11.353358
-2.212943
7.312332
-2.501587
-8.659341
-9.525275
-7.312332
-1.250794
-0.384860
-8.659341
-2.886447
1.443223
-2.116728
1.828083
10.487424
12.411722
12.026862
11.064713
7.504762
13.951160
14.817094
14.239805
3.944811
8.466911
4.233455
2.020513
9.044200
2.309158
-6.927473
1.828083
1.731868
