2.501587
-1.058364
0.096215
4.233455
4.714530
2.020513
2.116728
-0.096215
3.078877
3.752381
2.116728
2.790232
2.597802
0.769719
-3.463736
-3.271306
-7.697192
-9.140415
-7.889621
-6.831258
-7.793407
-9.140415
-7.312332
-8.370696
-9.236630
-8.466911
-6.831258
-4.906960
-2.886447
-4.425885
-4.618315
-3.463736
0.096215
3.463736
3.559951
0.192430
2.694017
4.522100
8.947985
10.006349
4.810745
1.058364
0.096215
-0.769719
-1.443223
2.405372
4.906960
4.522100
3.559951
4.137241
2.116728
-0.481074
0.673504
1.924298
1.924298
2.309158
5.388034
3.656166
3.367521
6.253968
7.793407
3.367521
-0.384860
-1.347009
0.192430
-1.058364
-2.597802
-5.869109
-9.525275
-11.160928
-12.219292
-7.216117
-5.003175
-3.944811
-1.250794
-1.250794
-1.443223
-1.443223
-0.384860
1.828083
5.388034
7.023687
6.735043
7.408547
8.563126
6.735043
2.886447
2.597802
1.635653
0.288645
2.597802
4.329670
7.793407
8.947985
5.099389
4.041026
4.522100
2.694017
0.865934
2.886447
6.350183
7.504762
9.525275
7.697192
4.906960
2.501587
1.731868
1.154579
-0.577289
1.347009
3.271306
3.559951
5.772894
4.041026
3.463736
4.714530
6.735043
3.175092
1.924298
2.116728
4.041026
1.154579
1.539438
-0.384860
-4.329670
-7.504762
-8.755556
-9.910134
-9.910134
-11.834432
-11.160928
-8.274481
-1.731868
0.096215
-2.020513
-1.924298
1.443223
3.463736
4.522100
2.790232
1.443223
1.828083
4.810745
5.869109
7.119902
6.831258
5.484249
3.078877
4.041026
4.618315
3.752381
2.790232
-1.250794
-1.635653
0.000000
-0.865934
-0.769719
-1.828083
-1.154579
2.982662
3.848596
5.195604
3.367521
5.195604
2.790232
4.714530
-0.865934
-0.384860
-1.731868
1.250794
5.099389
5.003175
2.116728
-0.384860
-0.192430
-5.580464
-3.944811
-9.044200
-7.408547
-6.927473
-9.813919
-9.813919
-7.216117
-6.735043
-7.023687
-7.119902
-2.694017
-0.865934
6.542613
6.735043
7.408547
7.023687
9.813919
5.099389
2.020513
3.367521
5.772894
6.542613
5.484249
5.484249
6.350183
4.041026
2.309158
1.250794
4.041026
3.656166
4.810745
4.522100
6.831258
10.102564
12.989011
12.989011
10.391209
5.676679
2.790232
2.886447
3.463736
5.869109
5.003175
3.944811
6.735043
9.525275
8.178266
9.140415
9.140415
5.965324
4.810745
4.137241
2.501587
1.635653
2.886447
6.061538
6.061538
6.061538
5.099389
7.889621
6.446398
-2.501587
3.848596
2.597802
-0.192430
1.250794
2.982662
0.000000
-0.288645
-0.769719
-0.962149
-1.539438
-3.463736
-5.484249
-3.944811
-0.769719
1.250794
4.329670
7.216117
7.985836
9.332845
10.102564
8.755556
7.119902
-1.443223
3.656166
4.137241
5.965324
5.099389
5.869109
1.058364
-2.405372
-9.236630
-12.604151
-12.700366
-12.796581
-12.315507
-12.123077
-11.449573
-8.563126
-6.446398
-5.291819
-6.831258
-2.982662
-0.577289
0.096215
1.443223
3.752381
3.078877
3.367521
4.041026
3.175092
-0.384860
-0.288645
-0.865934
-4.425885
-5.869109
-4.329670
-4.329670
-5.580464
-4.810745
-5.965324
-6.157753
-4.137241
1.731868
2.020513
-0.962149
-4.041026
-6.061538
-7.312332
-5.580464
-3.271306
-3.271306
-1.924298
0.577289
4.137241
4.618315
1.828083
0.865934
1.635653
4.233455
3.271306
-1.828083
-12.026862
-9.140415
-10.583639
-12.892796
-11.353358
-10.198779
-8.082051
-4.137241
-1.058364
0.096215
2.309158
2.405372
3.367521
1.347009
2.309158
4.425885
6.157753
7.793407
6.350183
1.924298
-0.962149
1.347009
-0.577289
-0.962149
-4.810745
-7.793407
-10.102564
-7.023687
-5.580464
-5.195604
-5.676679
-7.793407
-7.312332
-4.425885
-1.539438
-1.058364
-2.886447
-4.522100
-5.388034
-8.274481
-11.160928
-12.604151
-12.700366
-11.930647
-8.755556
-5.869109
-6.061538
-3.271306
2.212943
4.810745
8.274481
10.583639
11.353358
7.985836
6.735043
5.195604
6.446398
10.198779
7.119902
4.329670
3.848596
5.484249
7.985836
4.137241
3.559951
1.443223
1.347009
2.116728
3.752381
2.790232
2.597802
-0.288645
0.192430
-1.539438
-2.694017
-0.962149
-1.058364
-5.388034
-7.600977
-10.679853
-10.679853
-11.257143
-9.140415
-4.714530
-0.577289
1.828083
2.212943
-1.828083
-1.828083
0.673504
5.484249
9.621490
11.353358
9.717705
7.504762
6.638828
8.082051
12.315507
12.411722
11.642002
8.274481
6.253968
3.367521
6.253968
2.886447
0.096215
2.501587
6.542613
9.717705
4.714530
1.058364
0.096215
-0.577289
1.828083
4.041026
4.425885
1.924298
-1.058364
-5.003175
-7.119902
-7.216117
-6.542613
-4.714530
-3.944811
-0.673504
2.694017
5.676679
7.023687
5.388034
3.944811
2.116728
0.288645
-2.694017
-3.944811
-3.078877
-3.656166
-6.542613
-6.735043
-10.583639
-8.466911
-6.061538
-2.790232
-2.790232
-0.192430
1.443223
-1.058364
-3.463736
-5.388034
-5.291819
-4.425885
-3.078877
-2.405372
-4.906960
-5.195604
-3.752381
-1.058364
0.192430
0.481074
-0.673504
-0.384860
-0.769719
-0.481074
0.481074
0.577289
1.731868
0.384860
1.250794
5.580464
7.119902
5.291819
3.367521
4.522100
7.697192
7.985836
7.023687
6.735043
3.078877
1.443223
-4.233455
-2.020513
-4.425885
-3.944811
-2.116728
-1.058364
-0.096215
1.347009
-0.096215
-1.347009
-5.676679
-5.099389
-6.350183
-5.869109
-6.350183
-7.889621
-7.408547
-4.425885
-3.463736
-2.405372
-1.731868
-5.003175
-2.309158
0.096215
2.790232
6.927473
5.772894
4.906960
3.752381
1.924298
3.271306
3.367521
4.522100
2.501587
0.384860
-0.288645
-2.020513
-5.580464
-10.776068
-9.140415
-5.388034
-5.195604
-3.367521
-2.790232
-2.020513
-2.212943
-0.673504
-1.539438
0.481074
-1.828083
-3.078877
-4.522100
-4.041026
-11.738217
-6.253968
-6.542613
-7.600977
-5.195604
0.000000
4.810745
4.522100
5.195604
2.212943
-2.212943
-2.694017
-2.501587
-0.577289
2.116728
2.597802
3.559951
2.212943
2.790232
2.501587
1.347009
0.288645
-0.192430
3.175092
5.291819
7.216117
8.466911
9.429060
7.408547
4.522100
-0.769719
-0.962149
-1.154579
-2.405372
-3.944811
-2.309158
0.000000
-0.192430
1.347009
5.869109
7.504762
8.755556
6.253968
3.752381
3.752381
5.003175
3.656166
1.539438
-0.288645
-1.058364
0.673504
2.212943
2.790232
-0.288645
-1.154579
-1.443223
0.096215
-0.769719
0.577289
-3.656166
-8.563126
-9.140415
-8.082051
-5.869109
-7.216117
-7.408547
-8.370696
-6.542613
-4.137241
-3.463736
-6.157753
-7.408547
-5.388034
-1.539438
-2.405372
-2.020513
-2.212943
-0.577289
-0.865934
0.192430
0.577289
1.058364
2.694017
2.597802
3.559951
0.481074
1.058364
-1.539438
-3.752381
-1.443223
0.384860
0.481074
1.828083
2.116728
2.405372
2.501587
1.635653
0.673504
-0.865934
-1.539438
-2.309158
-9.813919
-5.291819
-4.714530
-2.694017
-0.384860
-0.288645
-2.982662
-0.192430
-0.577289
-1.731868
-1.828083
0.577289
1.924298
4.137241
2.694017
2.309158
-2.886447
-4.329670
-5.291819
-8.563126
-9.429060
-12.026862
-11.449573
-12.315507
-12.700366
-10.968498
-6.446398
-2.982662
1.635653
3.367521
2.694017
3.848596
5.772894
6.061538
5.195604
4.522100
4.233455
3.656166
5.676679
6.446398
5.099389
6.831258
4.233455
9.044200
10.391209
10.198779
8.274481
8.851770
5.195604
3.175092
4.425885
3.463736
3.656166
2.982662
1.058364
-3.078877
-5.195604
-2.886447
-2.886447
0.384860
-2.597802
-1.347009
-1.154579
-0.288645
1.443223
0.577289
0.962149
-1.058364
-2.694017
-7.119902
-8.370696
-5.772894
-1.347009
-0.192430
-0.384860
1.828083
1.443223
1.058364
0.288645
1.250794
1.347009
-0.962149
-0.384860
-1.539438
-3.559951
-2.212943
-3.463736
-2.694017
0.769719
2.790232
4.618315
3.559951
4.233455
2.116728
0.384860
0.577289
-0.769719
0.865934
1.250794
1.443223
0.384860
-0.384860
-0.288645
1.924298
2.982662
2.020513
4.522100
1.635653
0.481074
0.577289
-0.481074
0.288645
-1.154579
2.212943
2.982662
3.656166
2.982662
2.309158
0.769719
1.924298
4.425885
6.061538
6.253968
4.906960
0.192430
-1.539438
-1.828083
2.982662
5.676679
8.370696
9.044200
7.312332
5.195604
7.119902
9.525275
12.219292
11.257143
11.064713
14.239805
14.624664
12.507937
5.965324
5.965324
6.831258
7.216117
6.735043
5.869109
6.157753
5.869109
2.694017
0.865934
-1.539438
-3.944811
-1.154579
0.577289
2.982662
1.250794
1.250794
0.000000
-0.384860
0.769719
0.673504
1.250794
2.597802
2.116728
5.869109
7.312332
6.253968
5.388034
5.195604
0.288645
0.192430
-1.250794
-2.501587
-3.848596
-4.233455
-5.965324
-3.848596
-6.350183
-8.466911
-7.697192
-4.041026
-1.828083
-0.384860
1.443223
2.982662
5.772894
5.580464
5.099389
1.635653
1.828083
0.577289
0.192430
2.116728
2.405372
1.635653
-0.288645
-1.154579
-1.539438
-5.003175
-6.831258
-4.810745
-2.694017
-1.924298
-2.501587
-2.694017
-3.944811
-2.116728
-1.635653
-2.597802
-2.790232
-1.347009
0.673504
2.597802
4.906960
5.580464
5.291819
2.982662
-0.769719
-1.731868
-3.944811
-3.848596
0.000000
-0.865934
-3.271306
-4.329670
-5.195604
-5.580464
-8.082051
-11.545788
-12.892796
-14.047375
-12.411722
-9.813919
-8.659341
-5.580464
-6.927473
-3.848596
-1.443223
1.058364
-1.443223
-3.944811
-8.178266
-6.927473
-5.869109
-1.924298
1.828083
3.848596
1.731868
4.522100
6.542613
4.714530
3.656166
4.329670
0.288645
-0.962149
-4.714530
-6.061538
-8.370696
-8.466911
-9.140415
-5.965324
-2.020513
1.347009
-2.020513
-8.178266
-10.679853
-13.854945
-11.449573
-12.219292
-11.160928
-13.758730
-10.583639
-6.350183
-5.676679
-4.906960
-3.944811
-3.078877
-3.078877
-5.099389
-7.793407
-8.659341
-7.504762
-7.312332
-7.600977
-5.580464
-3.367521
-1.347009
1.154579
3.752381
7.216117
8.274481
7.697192
5.676679
2.116728
1.539438
5.099389
2.790232
3.078877
0.096215
-0.673504
-1.443223
-2.116728
-1.058364
1.731868
2.405372
4.137241
2.597802
0.962149
1.731868
1.347009
0.769719
3.559951
4.425885
4.329670
4.233455
2.597802
2.982662
2.790232
3.367521
5.291819
5.195604
5.195604
3.078877
4.329670
3.463736
2.501587
4.137241
6.253968
7.600977
9.813919
9.044200
9.621490
6.061538
7.793407
8.659341
6.157753
3.367521
3.078877
-1.250794
-1.539438
-1.250794
0.769719
0.769719
2.982662
4.714530
2.597802
3.559951
4.041026
6.253968
8.274481
8.274481
8.274481
3.078877
0.769719
-1.443223
-4.522100
-7.793407
-7.119902
-6.350183
-4.522100
-1.731868
-3.078877
-2.694017
-0.962149
-0.865934
1.154579
-2.790232
-1.250794
-0.288645
2.982662
5.003175
5.965324
2.982662
1.828083
1.731868
2.694017
3.656166
9.910134
7.600977
4.810745
4.233455
3.367521
0.481074
1.828083
2.020513
4.041026
10.102564
12.892796
14.239805
9.910134
7.504762
1.828083
0.192430
-1.828083
-1.443223
-5.676679
-9.525275
-10.487424
-11.738217
-12.123077
-14.432234
-14.432234
-16.356532
-14.913309
-15.009524
-11.449573
-9.525275
-6.542613
-3.656166
-3.656166
-3.752381
-3.656166
-5.003175
-4.522100
-4.522100
-4.522100
-3.463736
-3.559951
-1.924298
-3.463736
-1.539438
-0.192430
2.309158
0.096215
-0.384860
-0.577289
1.539438
2.982662
5.388034
9.717705
12.411722
9.525275
7.600977
4.618315
3.752381
2.212943
0.288645
0.288645
-2.020513
-2.309158
-2.020513
0.769719
4.425885
6.542613
5.580464
-4.137241
4.618315
2.982662
-0.962149
-4.906960
-7.793407
-5.676679
-4.041026
-1.828083
1.058364
1.347009
1.828083
0.865934
-1.828083
-4.137241
-6.831258
-6.638828
-4.810745
-0.481074
1.154579
2.116728
1.250794
-0.192430
-2.405372
-2.886447
-5.580464
-6.350183
-4.329670
-5.484249
-4.425885
-3.463736
-6.350183
-5.676679
-5.099389
-4.810745
-2.982662
-2.309158
-3.078877
-1.443223
2.790232
1.635653
1.443223
0.481074
0.288645
1.347009
1.443223
-1.539438
-3.656166
-0.865934
2.212943
4.522100
4.906960
2.790232
1.443223
1.154579
2.212943
2.405372
-0.673504
-0.481074
0.962149
0.577289
0.673504
1.924298
1.250794
-6.927473
-5.484249
-3.559951
0.000000
2.116728
-1.154579
-5.195604
-7.312332
-4.714530
-0.288645
-1.154579
-0.384860
-1.443223
-3.752381
-4.714530
-5.772894
-3.848596
-2.020513
1.539438
0.673504
-0.192430
-0.673504
-2.790232
-2.886447
-2.405372
0.192430
-0.481074
1.731868
2.405372
2.501587
5.965324
3.656166
1.058364
2.501587
0.673504
2.116728
0.962149
-0.384860
-1.443223
-3.559951
-1.731868
3.848596
5.676679
8.466911
11.257143
10.776068
7.408547
3.944811
2.694017
5.388034
7.216117
7.985836
11.642002
10.776068
9.332845
3.463736
-1.154579
-4.233455
-2.694017
-1.924298
-4.714530
-3.944811
-5.772894
-7.408547
-6.735043
-6.350183
-9.044200
-11.834432
-12.219292
-7.793407
-2.405372
4.906960
-1.731868
2.597802
1.539438
-1.154579
-4.618315
-5.388034
-1.924298
0.673504
1.635653
-0.769719
-1.347009
-3.078877
-1.635653
4.714530
8.563126
9.525275
9.717705
7.793407
3.078877
0.769719
-0.865934
-5.869109
-9.332845
-11.160928
-12.700366
-11.160928
-9.717705
-7.119902
-4.714530
-5.484249
-4.810745
-4.041026
0.481074
1.250794
-3.656166
-4.522100
-3.078877
-4.041026
-2.790232
-0.865934
0.481074
2.116728
1.924298
3.271306
2.116728
3.175092
7.312332
12.507937
15.971673
17.414896
15.779243
9.621490
6.638828
3.656166
3.944811
3.559951
3.271306
2.982662
0.192430
-1.731868
1.058364
1.250794
1.635653
2.116728
0.288645
-0.096215
0.384860
1.539438
-0.577289
1.443223
2.886447
1.347009
-0.192430
-4.425885
-10.198779
-9.332845
-8.755556
-8.947985
-7.312332
-7.023687
-2.694017
1.539438
2.309158
4.137241
4.233455
6.061538
8.370696
8.851770
7.312332
5.195604
3.463736
-0.577289
-2.886447
-2.790232
-0.769719
0.000000
3.271306
7.216117
5.003175
-1.154579
-2.886447
-3.367521
-4.810745
-1.154579
-3.367521
-6.927473
-11.353358
-7.889621
-4.618315
-1.539438
1.635653
2.212943
-11.449573
-1.924298
-4.233455
-5.003175
-2.212943
-1.058364
1.347009
5.965324
8.659341
7.408547
5.003175
0.000000
-4.329670
-7.793407
-9.621490
-11.642002
-11.642002
-4.425885
-3.944811
-3.271306
-4.137241
-4.906960
-3.559951
-0.481074
0.673504
1.924298
0.288645
-1.731868
-1.443223
-1.539438
-2.501587
-4.329670
-5.484249
-5.195604
-5.388034
-6.542613
-3.656166
-4.041026
-2.694017
-3.271306
-3.367521
-4.618315
-0.192430
1.443223
3.271306
4.810745
3.271306
2.982662
3.656166
4.233455
3.367521
4.810745
3.944811
3.078877
4.425885
4.329670
3.463736
5.484249
6.735043
6.638828
6.831258
5.484249
4.137241
3.559951
1.731868
-0.192430
-3.656166
-4.425885
-3.367521
1.635653
6.253968
-2.694017
7.216117
6.638828
6.735043
6.927473
7.793407
9.717705
10.391209
8.755556
7.408547
3.752381
5.003175
7.504762
3.944811
4.906960
7.408547
5.676679
8.082051
6.831258
5.388034
4.714530
4.329670
3.944811
4.425885
4.329670
4.714530
5.772894
8.082051
9.813919
10.294994
10.391209
9.813919
8.082051
8.274481
8.082051
6.061538
2.886447
-1.635653
-5.388034
-3.271306
-0.769719
3.271306
6.831258
9.140415
10.872283
13.085226
9.910134
8.178266
3.752381
0.000000
0.000000
-3.175092
-5.291819
-4.810745
-4.137241
-2.501587
1.828083
2.694017
3.944811
3.078877
5.195604
6.542613
8.178266
6.350183
6.350183
5.195604
5.195604
5.772894
2.116728
-1.058364
-3.463736
-4.329670
-7.312332
-10.583639
-7.793407
-6.831258
-8.563126
-9.813919
-8.466911
-4.906960
-1.443223
-1.924298
-1.154579
-3.078877
-2.116728
-1.828083
-2.020513
-3.367521
-2.790232
-4.906960
-5.676679
-3.463736
-2.694017
1.250794
3.848596
0.096215
-1.250794
-1.924298
-2.309158
-2.501587
-3.271306
-2.886447
-0.962149
0.096215
1.250794
5.195604
7.216117
6.061538
4.810745
2.886447
2.020513
-1.443223
-1.347009
-5.869109
-8.659341
-6.061538
-3.078877
-2.694017
0.962149
0.481074
-3.944811
-5.099389
-5.869109
-6.253968
-7.023687
-8.563126
-8.370696
-8.466911
-6.831258
-6.157753
-5.580464
-3.175092
-2.886447
-4.137241
-2.982662
0.481074
0.096215
-2.405372
-1.731868
-3.078877
-4.425885
-2.982662
1.443223
0.384860
-0.481074
1.635653
4.233455
4.522100
3.944811
2.790232
1.347009
0.769719
1.154579
0.384860
0.769719
0.769719
4.041026
2.116728
-0.673504
0.000000
-0.192430
0.673504
1.731868
1.154579
2.405372
4.522100
3.367521
3.175092
4.233455
3.752381
6.253968
5.195604
2.501587
-1.828083
-1.058364
-0.673504
0.288645
0.962149
-0.577289
-0.384860
2.501587
5.195604
6.157753
3.944811
1.731868
-0.288645
-4.425885
-7.504762
-5.291819
-1.924298
-0.673504
-1.635653
-0.865934
-0.481074
-1.828083
-5.869109
-7.408547
-7.023687
-7.504762
-8.466911
-7.697192
-3.175092
5.580464
12.796581
13.085226
11.064713
7.119902
4.714530
6.542613
10.006349
13.373871
10.679853
7.312332
4.714530
3.463736
3.463736
2.790232
3.463736
0.000000
-2.694017
-2.597802
-3.559951
-6.735043
-3.463736
0.577289
3.175092
6.638828
6.061538
5.291819
0.962149
-4.137241
-5.195604
-4.522100
-7.600977
-6.638828
-7.023687
-5.869109
-2.694017
-2.309158
-0.096215
-1.924298
-2.694017
-4.233455
-6.350183
-7.504762
-4.137241
-0.962149
-1.443223
-4.714530
-7.697192
-6.735043
-2.886447
-2.597802
0.000000
-2.405372
-3.559951
-5.388034
-7.312332
-8.851770
-2.405372
2.886447
5.484249
1.443223
-3.271306
-6.446398
-5.388034
0.000000
2.020513
3.463736
4.425885
1.443223
0.384860
3.271306
4.233455
3.271306
0.481074
-2.694017
-3.752381
-2.405372
-0.673504
0.962149
4.906960
5.965324
1.250794
0.673504
1.250794
2.501587
-0.673504
-7.697192
-11.642002
-9.332845
-8.082051
-4.329670
-2.694017
0.288645
0.962149
-1.924298
-4.137241
-4.329670
-2.694017
-1.347009
-4.618315
-8.947985
-10.968498
-9.910134
-9.236630
-4.906960
-2.694017
-5.291819
-6.350183
-7.504762
-9.332845
-11.160928
-13.662515
-12.989011
-11.642002
-8.659341
-6.542613
-9.140415
-7.793407
-4.425885
-2.694017
-5.869109
-7.793407
-6.927473
-4.810745
-6.638828
-5.869109
-4.041026
-0.384860
1.731868
2.116728
-7.408547
0.096215
2.405372
3.175092
2.020513
2.597802
4.714530
7.985836
10.198779
10.776068
9.525275
7.312332
7.793407
5.676679
0.096215
-1.058364
-1.731868
-1.443223
-2.501587
-0.192430
-0.481074
-0.481074
1.347009
1.058364
2.790232
1.347009
1.347009
0.096215
-0.769719
-0.865934
2.597802
2.886447
-0.384860
-2.116728
0.096215
3.656166
7.600977
10.487424
5.772894
1.347009
0.000000
2.405372
7.504762
12.315507
14.817094
12.700366
8.851770
10.198779
10.679853
15.201954
15.298168
10.679853
8.370696
10.198779
12.123077
11.738217
10.294994
7.119902
7.504762
6.927473
4.522100
-1.924298
-4.810745
-7.119902
-6.157753
-8.370696
-7.216117
-6.542613
-4.425885
-2.020513
-3.367521
-5.291819
-5.580464
-6.253968
-4.425885
-2.212943
-0.288645
1.347009
6.350183
9.621490
6.735043
3.848596
3.367521
5.484249
2.982662
2.982662
2.982662
0.673504
0.288645
1.924298
-1.154579
-2.020513
-0.769719
3.175092
5.195604
6.446398
9.044200
8.659341
3.944811
1.347009
1.539438
3.559951
6.350183
13.566300
15.779243
17.895971
19.820269
17.126252
14.143590
11.449573
9.525275
4.137241
3.752381
5.291819
7.023687
9.525275
13.566300
12.892796
9.140415
8.466911
9.140415
8.370696
11.545788
10.872283
8.659341
8.370696
7.023687
5.099389
0.673504
6.638828
12.892796
14.239805
10.391209
5.965324
2.790232
-1.058364
-1.154579
-3.463736
-2.694017
-4.041026
-3.175092
-2.212943
0.577289
-0.865934
-3.463736
-5.003175
-4.233455
-6.253968
-11.064713
-9.429060
-7.697192
-7.312332
-7.697192
-6.157753
-3.848596
-1.539438
-1.539438
-3.175092
-5.869109
-8.178266
-3.752381
-2.790232
0.384860
-2.020513
1.539438
-1.154579
-1.635653
0.769719
3.271306
5.869109
5.003175
3.463736
-1.924298
-7.408547
-14.913309
-17.126252
-16.548962
-14.047375
-10.776068
-4.714530
0.962149
6.446398
3.463736
2.790232
0.577289
1.250794
-2.212943
-4.522100
-3.944811
-4.041026
-4.425885
-4.714530
-6.831258
-3.752381
-1.924298
-1.635653
-1.828083
1.443223
-0.192430
-2.212943
-4.714530
-8.466911
-7.793407
-8.370696
-8.082051
-7.600977
-2.020513
0.865934
1.443223
1.347009
-2.020513
-1.924298
-3.175092
-2.116728
-0.288645
-0.577289
-2.694017
-2.212943
-1.058364
-1.924298
-3.463736
-3.175092
-4.329670
-4.906960
-6.735043
-7.504762
-5.484249
-2.694017
-2.694017
-3.175092
-2.212943
-4.041026
-4.233455
-1.443223
2.982662
6.446398
7.023687
6.638828
5.580464
4.425885
2.020513
1.635653
-0.192430
-1.154579
-2.501587
-1.250794
1.154579
1.539438
-0.288645
-4.041026
-6.350183
-4.810745
