-5.676679
-6.061538
-4.618315
-1.828083
1.635653
4.041026
7.023687
5.484249
3.752381
0.288645
-2.309158
-3.175092
-2.501587
-1.828083
-0.962149
0.865934
2.020513
5.195604
7.985836
7.889621
6.638828
4.906960
3.656166
-0.096215
0.192430
0.481074
0.000000
-1.250794
0.769719
1.635653
1.731868
-0.962149
-0.384860
0.673504
0.962149
1.731868
1.924298
2.212943
4.137241
4.522100
5.388034
4.810745
2.501587
-1.154579
-3.752381
-6.446398
-5.772894
-7.312332
-7.119902
-7.985836
-2.886447
-1.731868
-1.539438
-0.577289
0.962149
2.790232
2.886447
3.848596
1.539438
0.096215
0.865934
-0.865934
-2.405372
-5.195604
-5.580464
-3.367521
-2.886447
-4.714530
-4.137241
-2.309158
-0.096215
0.000000
-0.481074
-1.828083
-0.673504
0.865934
2.886447
2.790232
4.906960
8.178266
6.831258
6.927473
7.504762
6.927473
9.332845
12.123077
12.123077
11.738217
13.181441
9.429060
8.082051
7.504762
8.274481
10.872283
10.391209
8.947985
5.965324
3.944811
3.848596
3.367521
3.175092
0.769719
-1.443223
-1.731868
-2.020513
-4.137241
-1.635653
-1.828083
-5.003175
-7.119902
-5.484249
-6.542613
-5.388034
-6.157753
-5.388034
-3.752381
-2.309158
-2.886447
-3.559951
-3.078877
-2.886447
-3.463736
-3.752381
-5.676679
-1.635653
-0.384860
1.058364
-0.577289
-3.078877
-0.962149
-0.673504
-1.154579
2.020513
3.944811
5.772894
5.869109
3.078877
2.020513
2.405372
0.577289
-0.288645
-0.192430
0.096215
1.731868
3.175092
4.329670
5.099389
8.755556
9.621490
7.312332
7.793407
4.810745
3.175092
3.752381
3.559951
2.694017
2.790232
0.673504
-1.347009
-3.078877
-1.347009
-3.271306
-2.982662
-1.731868
-3.367521
-3.944811
-3.175092
-5.965324
-4.810745
-3.271306
-1.443223
0.673504
2.501587
2.597802
1.250794
0.096215
-1.347009
-7.312332
-15.586813
-6.542613
-2.790232
-0.096215
1.058364
2.020513
3.944811
5.965324
7.119902
5.772894
3.944811
2.982662
2.982662
1.924298
0.962149
1.347009
1.635653
6.350183
7.600977
7.408547
6.831258
3.078877
-0.384860
-1.443223
-1.731868
-3.752381
-2.501587
-2.116728
-1.250794
-0.673504
1.250794
1.250794
1.539438
0.865934
-0.481074
-2.694017
-3.752381
-10.006349
-4.137241
-4.329670
-5.195604
-5.484249
-3.752381
-4.425885
-7.312332
-8.178266
-10.198779
-12.507937
-12.411722
-9.621490
-5.676679
-6.542613
-4.618315
-2.020513
0.673504
2.790232
2.212943
5.869109
7.408547
3.656166
4.233455
1.635653
2.501587
2.597802
2.694017
1.924298
2.212943
2.886447
3.848596
2.212943
-0.384860
-4.618315
-5.099389
-4.522100
-2.886447
-3.175092
-0.962149
0.769719
3.463736
2.790232
1.347009
1.154579
1.635653
0.000000
0.096215
2.020513
1.828083
1.924298
0.673504
0.288645
-1.828083
-2.886447
-3.271306
-4.137241
-2.020513
-0.865934
0.769719
1.154579
-0.481074
0.000000
2.309158
1.443223
2.309158
2.694017
2.309158
0.673504
2.597802
2.309158
3.944811
3.271306
4.522100
2.116728
2.020513
2.212943
3.848596
4.522100
0.962149
0.096215
-0.192430
-1.250794
2.020513
3.656166
5.003175
5.003175
3.752381
1.250794
1.924298
-0.096215
0.000000
-2.116728
-5.965324
-8.274481
-10.968498
-13.085226
-16.837607
-19.627839
-18.184615
-18.761905
-15.875458
-14.143590
-10.968498
-9.429060
-8.274481
-4.714530
-0.865934
1.347009
4.041026
6.253968
7.504762
6.735043
5.580464
0.000000
-2.020513
-0.769719
-0.962149
-1.924298
-2.501587
-5.388034
-3.271306
-5.003175
-3.271306
0.000000
0.769719
0.769719
0.096215
1.058364
3.848596
6.927473
8.274481
7.216117
8.563126
5.484249
4.522100
3.271306
1.539438
1.443223
0.673504
2.116728
0.962149
-2.501587
-3.559951
-5.003175
-1.154579
-0.096215
2.309158
7.119902
10.679853
12.604151
9.140415
9.140415
8.659341
7.985836
9.044200
7.023687
6.542613
3.367521
2.020513
-1.443223
-6.831258
-10.872283
-12.700366
-12.796581
-10.294994
-8.082051
-2.309158
-0.673504
1.924298
2.886447
5.580464
8.082051
10.776068
11.160928
9.140415
6.350183
1.828083
-3.175092
-6.350183
-5.003175
-5.003175
-7.408547
-7.408547
-6.638828
-6.446398
-8.466911
-6.638828
-5.869109
-5.099389
-4.137241
-4.041026
-8.851770
-9.044200
-8.947985
-7.985836
-4.233455
-4.233455
-4.522100
-2.790232
-1.347009
-0.096215
0.000000
0.673504
-0.577289
0.192430
0.288645
0.577289
-0.096215
0.481074
2.212943
3.752381
4.714530
7.023687
6.061538
7.023687
-1.539438
4.810745
3.656166
1.731868
2.116728
1.347009
0.096215
-3.078877
-4.425885
-3.175092
0.096215
-1.154579
-2.501587
-4.329670
-6.927473
-7.023687
-8.178266
-9.717705
-8.466911
-7.697192
-4.810745
-0.962149
3.656166
8.082051
9.236630
6.253968
5.869109
5.291819
6.157753
3.559951
1.828083
-0.673504
-2.982662
-7.600977
-8.851770
-7.119902
-6.157753
-8.082051
-12.315507
-14.913309
-12.507937
-7.312332
-6.446398
-9.717705
-9.044200
-6.253968
-3.271306
-0.192430
1.828083
4.329670
2.886447
0.673504
-1.924298
-6.253968
-6.735043
-6.735043
-3.271306
0.865934
5.772894
7.119902
-4.329670
5.291819
3.463736
0.962149
-0.481074
0.288645
2.982662
4.522100
4.906960
4.233455
3.175092
2.020513
2.982662
1.924298
0.481074
1.154579
0.192430
1.250794
0.865934
1.635653
4.810745
4.425885
4.906960
4.810745
5.388034
7.312332
6.735043
4.906960
5.099389
6.638828
10.391209
1.250794
12.315507
8.178266
2.116728
-1.443223
-3.752381
-4.041026
-4.233455
-2.309158
-0.865934
-0.481074
3.656166
3.078877
1.828083
0.000000
-1.924298
-3.367521
-4.522100
-6.061538
-6.735043
-7.793407
-6.638828
-10.198779
-4.906960
-2.212943
-0.192430
-0.096215
1.347009
4.041026
7.023687
8.755556
10.487424
8.659341
5.676679
3.944811
2.886447
1.828083
1.347009
-1.154579
-0.577289
-0.769719
-1.635653
-1.635653
-0.096215
1.154579
4.522100
4.906960
6.542613
6.157753
3.175092
4.522100
5.195604
6.638828
7.408547
8.563126
7.793407
6.253968
5.869109
6.350183
5.676679
6.831258
7.793407
8.563126
8.274481
5.580464
4.137241
4.329670
2.886447
3.078877
3.848596
3.559951
2.309158
2.790232
7.023687
8.659341
8.947985
10.198779
11.160928
11.064713
6.927473
3.848596
-0.288645
-1.154579
-1.635653
-1.731868
-3.078877
-2.886447
0.577289
2.694017
4.233455
3.367521
-1.539438
-2.790232
-3.271306
-3.078877
-4.906960
-5.099389
-0.288645
0.865934
-0.384860
-0.384860
-0.673504
-0.096215
0.481074
-0.384860
0.288645
1.058364
-0.288645
-1.828083
-0.096215
-0.577289
-3.078877
-5.772894
-6.061538
-4.618315
-4.810745
-5.003175
-3.175092
-0.192430
1.443223
1.154579
0.865934
-0.673504
-2.982662
-2.886447
-2.501587
-3.944811
-5.965324
-7.600977
-7.985836
-6.638828
-5.869109
-5.484249
-5.388034
-4.425885
-5.003175
-2.982662
-0.962149
0.577289
1.443223
0.673504
-0.962149
-5.676679
-6.831258
-5.869109
-5.003175
-2.020513
-1.154579
-1.731868
-0.577289
-0.865934
-3.559951
-3.078877
-3.944811
-1.731868
-0.769719
-1.731868
-1.635653
-5.580464
0.673504
0.865934
1.924298
0.192430
-0.096215
0.096215
1.635653
2.597802
3.175092
3.656166
3.656166
4.329670
2.694017
1.154579
3.463736
2.694017
0.769719
-0.769719
-0.865934
-4.906960
-5.676679
-7.023687
-5.580464
-3.752381
-3.559951
-2.790232
-2.597802
-2.886447
-2.982662
-2.886447
-4.041026
-6.927473
-7.793407
-5.869109
-3.175092
-0.865934
2.982662
3.656166
1.347009
-2.501587
-1.924298
-4.137241
-3.656166
-3.271306
-1.250794
0.096215
-1.924298
-4.522100
-3.656166
-4.233455
-3.848596
-4.906960
-3.367521
-0.192430
1.731868
1.539438
1.828083
4.233455
4.041026
-0.192430
-1.828083
-1.828083
-0.673504
-0.769719
-1.154579
-1.154579
0.000000
-1.924298
-3.559951
-6.061538
-6.061538
-6.350183
-5.580464
-5.195604
-6.542613
-5.580464
-5.003175
-4.137241
-3.944811
-2.597802
-1.443223
-2.597802
-1.443223
0.192430
3.559951
2.597802
0.865934
-0.192430
2.020513
1.731868
1.731868
1.635653
3.656166
3.078877
2.212943
3.078877
4.137241
5.099389
3.367521
4.329670
3.559951
3.271306
5.965324
4.714530
4.618315
5.388034
4.906960
4.425885
1.154579
3.367521
2.020513
-0.288645
-2.212943
-5.099389
-5.965324
-6.735043
-5.676679
-3.944811
0.384860
1.443223
3.752381
3.271306
1.828083
2.597802
1.154579
1.250794
1.731868
-0.288645
-1.347009
-4.906960
-7.119902
-6.253968
-5.195604
-3.848596
-3.367521
-0.673504
-0.962149
-0.962149
-1.347009
-0.288645
1.058364
3.656166
3.752381
2.212943
1.731868
1.731868
0.769719
0.962149
-0.096215
-1.443223
-3.367521
-5.195604
-3.271306
-1.924298
1.635653
5.388034
0.384860
3.944811
2.886447
-1.250794
1.250794
-1.154579
0.384860
-0.288645
-2.116728
-3.367521
-4.041026
-4.425885
-2.597802
-0.192430
-1.347009
-2.405372
-0.384860
-1.347009
-1.828083
-2.694017
-2.309158
-2.886447
-4.329670
-4.906960
-3.463736
-0.481074
1.924298
3.367521
2.790232
2.309158
1.635653
2.790232
1.443223
0.577289
0.962149
2.212943
4.522100
6.061538
7.889621
8.466911
8.178266
6.446398
7.697192
6.446398
4.329670
4.425885
4.522100
0.769719
-1.539438
-1.924298
0.577289
5.484249
4.906960
4.137241
4.906960
2.982662
1.828083
1.443223
1.058364
1.347009
-0.096215
0.000000
-0.865934
0.192430
-0.673504
-0.865934
-0.192430
1.154579
6.157753
-0.192430
8.851770
8.370696
7.793407
4.329670
3.559951
3.271306
3.944811
3.752381
5.484249
6.542613
2.212943
-0.096215
3.656166
4.810745
7.312332
7.216117
7.119902
4.714530
3.367521
0.673504
0.384860
-2.116728
-4.041026
-4.137241
-4.810745
-4.810745
-3.271306
-2.116728
-0.769719
0.673504
-0.096215
-0.962149
-1.731868
0.481074
2.501587
5.291819
7.504762
8.659341
9.525275
7.408547
2.982662
-1.250794
-5.869109
-5.099389
-2.405372
-3.078877
-2.790232
-3.175092
-4.810745
-4.906960
-6.061538
-5.484249
-6.157753
-3.848596
-2.212943
-1.539438
-1.828083
-2.982662
-3.175092
-2.982662
-1.828083
-1.443223
-0.962149
0.192430
1.828083
0.673504
1.828083
0.000000
0.481074
-0.096215
3.175092
1.443223
0.481074
-1.154579
-2.020513
-2.886447
-4.714530
-7.985836
-9.813919
-10.294994
-11.353358
-8.082051
-5.195604
-3.078877
0.192430
0.481074
3.175092
2.020513
1.250794
0.000000
0.000000
0.000000
-0.769719
-1.828083
-3.271306
-2.212943
-5.003175
-3.752381
-2.597802
0.192430
0.673504
-1.154579
-0.769719
-2.597802
-1.635653
-5.099389
-6.927473
-5.676679
-6.638828
-3.271306
-0.481074
-1.828083
-1.250794
0.192430
0.481074
1.443223
1.731868
1.539438
1.347009
0.769719
2.116728
-0.481074
-2.116728
-2.212943
-2.597802
-4.714530
-6.735043
-9.429060
-9.429060
-11.642002
-15.201954
-10.872283
-9.910134
-9.332845
-8.851770
-7.216117
-4.329670
-4.329670
-2.212943
1.539438
4.329670
4.329670
2.212943
2.982662
2.116728
0.962149
0.384860
3.175092
7.023687
9.813919
9.525275
10.776068
9.525275
10.294994
13.085226
13.662515
10.006349
6.735043
3.078877
-3.656166
-4.233455
-2.597802
-3.848596
-5.099389
-4.714530
-6.831258
-7.312332
-7.600977
-7.504762
-7.889621
-7.408547
-7.408547
-7.312332
-6.927473
-6.927473
-7.312332
-9.621490
-7.985836
-7.600977
-5.388034
-1.154579
3.752381
4.041026
6.542613
7.889621
7.119902
8.947985
9.525275
9.910134
7.408547
5.869109
3.944811
1.443223
3.078877
7.600977
9.429060
8.755556
6.831258
5.869109
5.869109
5.388034
5.580464
2.501587
2.212943
2.886447
3.752381
1.443223
-0.096215
2.597802
2.790232
3.752381
4.714530
9.140415
11.738217
11.257143
10.102564
7.793407
6.542613
3.944811
2.212943
2.212943
3.752381
4.425885
6.542613
9.910134
12.411722
14.143590
14.336020
13.085226
9.429060
6.542613
-0.192430
-5.676679
-11.257143
-13.181441
-13.951160
-11.834432
-11.064713
-10.294994
-8.370696
-10.102564
-10.006349
-7.312332
-3.559951
1.250794
3.848596
6.157753
9.429060
12.796581
12.411722
9.813919
5.580464
1.250794
0.673504
-0.384860
-2.982662
-2.694017
-0.481074
1.924298
1.250794
0.769719
-2.597802
-1.924298
-2.886447
-3.175092
-1.539438
-2.790232
-4.041026
-3.463736
-2.790232
-0.288645
0.000000
-1.539438
1.443223
2.116728
2.020513
2.790232
4.522100
5.291819
8.851770
7.216117
4.906960
4.714530
7.023687
7.889621
6.831258
3.559951
3.175092
2.309158
4.041026
6.638828
10.487424
10.198779
10.487424
8.466911
6.061538
7.600977
2.597802
-1.347009
-0.577289
-0.962149
-4.041026
-6.735043
-6.446398
-6.253968
-6.157753
-4.233455
-3.944811
-6.735043
-6.735043
-5.772894
-3.559951
-3.848596
-1.539438
-2.116728
-1.347009
-1.539438
0.962149
1.539438
2.982662
0.384860
-1.539438
-1.828083
-3.656166
-2.597802
-4.522100
-2.694017
0.384860
2.597802
2.212943
0.000000
-2.405372
-3.271306
-1.924298
-3.944811
-5.099389
-0.481074
0.962149
-1.443223
-2.982662
0.096215
4.233455
6.735043
7.985836
7.697192
8.947985
7.312332
4.329670
1.635653
0.000000
-3.752381
-1.924298
-2.405372
-2.020513
-2.405372
-4.618315
-4.618315
-2.309158
-0.962149
-0.769719
0.288645
1.058364
3.848596
3.367521
2.405372
2.694017
-0.673504
-3.559951
-2.886447
-1.347009
-0.096215
0.481074
1.058364
1.635653
6.735043
9.044200
8.563126
7.697192
7.119902
7.697192
8.659341
9.332845
10.102564
10.006349
10.198779
4.714530
3.848596
4.233455
3.078877
5.003175
2.982662
3.752381
3.271306
2.694017
4.137241
4.810745
4.714530
2.405372
2.020513
2.116728
-0.192430
-1.924298
-4.425885
-5.772894
-14.239805
-4.810745
-4.522100
-3.848596
-4.233455
-5.099389
-4.618315
-4.906960
-4.618315
-7.119902
-6.253968
-10.102564
-10.583639
-8.755556
-10.391209
-10.294994
-11.257143
-7.312332
-5.580464
-5.195604
-3.848596
-3.656166
-3.559951
-1.635653
0.769719
2.886447
2.116728
2.020513
3.656166
2.405372
-2.501587
-4.137241
-4.137241
-0.962149
-0.865934
0.288645
-0.096215
0.673504
3.271306
2.694017
1.443223
2.116728
-1.058364
-1.154579
0.000000
0.673504
-1.347009
-1.828083
-0.384860
1.731868
-0.769719
-3.848596
-3.656166
0.000000
0.769719
-0.384860
-1.731868
-2.309158
0.000000
1.347009
3.175092
4.618315
5.580464
4.714530
3.848596
-0.096215
-3.463736
-3.463736
-2.116728
-1.058364
-2.790232
-0.577289
-1.731868
-2.694017
-1.154579
-0.673504
1.731868
4.810745
6.061538
7.023687
6.061538
4.137241
1.443223
-2.309158
-2.309158
-2.405372
-1.828083
1.347009
2.116728
-1.250794
-3.559951
-4.714530
-4.233455
-2.982662
0.000000
-1.250794
-3.175092
-6.350183
-5.965324
-4.810745
-2.694017
-1.250794
1.154579
1.250794
0.865934
0.000000
-0.384860
-1.443223
-2.501587
-2.116728
-0.865934
0.962149
-0.769719
-2.020513
-2.694017
-2.309158
-1.539438
-2.212943
-2.501587
-2.501587
-3.656166
-4.329670
-3.559951
-6.157753
-5.580464
-4.425885
-3.175092
-3.752381
-2.309158
-1.347009
0.192430
1.635653
2.116728
3.463736
4.425885
6.061538
5.388034
3.271306
2.982662
-0.288645
-1.924298
-0.865934
-4.329670
-7.119902
-5.291819
-5.388034
-8.659341
-9.813919
-8.851770
-8.755556
-6.735043
-5.965324
-4.329670
-3.463736
-2.597802
-3.078877
-2.116728
-0.096215
-0.769719
-1.058364
-0.288645
-0.577289
0.288645
-0.096215
1.347009
2.982662
3.656166
4.522100
3.752381
3.367521
4.906960
3.463736
1.154579
1.154579
3.752381
4.714530
5.291819
5.195604
5.676679
6.253968
4.810745
5.580464
6.350183
6.735043
5.965324
4.425885
3.463736
2.982662
3.175092
1.635653
0.769719
1.539438
2.309158
2.020513
2.597802
2.501587
1.635653
1.635653
-0.096215
-2.116728
-2.020513
-4.425885
-6.157753
-6.446398
-5.388034
-5.869109
-7.504762
-6.831258
-2.597802
-2.694017
-2.116728
-4.041026
-6.638828
-6.927473
-6.831258
-6.157753
-4.137241
-4.810745
-4.906960
-6.253968
-6.638828
-7.697192
-5.676679
-6.542613
-6.253968
-4.425885
-4.233455
-4.522100
-3.848596
-5.195604
-4.041026
-1.828083
-3.848596
-2.694017
-1.828083
0.769719
4.425885
6.542613
8.370696
5.869109
5.003175
1.154579
-3.175092
-3.078877
-3.944811
-2.597802
-2.020513
-1.924298
-2.116728
-1.828083
-0.096215
1.635653
3.271306
4.714530
6.542613
-2.501587
5.388034
5.484249
4.425885
4.137241
3.175092
0.192430
-0.288645
-0.962149
-1.058364
-4.041026
-4.425885
-1.635653
0.384860
2.694017
4.233455
6.927473
7.697192
6.350183
6.157753
7.119902
4.425885
4.810745
6.157753
7.985836
7.216117
7.408547
-0.192430
2.116728
0.192430
0.577289
1.731868
1.443223
0.577289
1.058364
-0.288645
-0.577289
-0.962149
-2.309158
-2.597802
-4.425885
-1.828083
0.384860
-0.288645
-1.347009
-3.656166
-1.058364
1.058364
0.192430
1.635653
1.347009
-2.501587
-2.982662
-4.137241
-2.597802
-1.924298
0.096215
0.481074
-2.212943
-5.291819
-7.119902
-9.044200
-8.947985
-5.388034
-3.271306
-1.731868
-0.192430
-0.481074
-0.769719
0.096215
-0.192430
1.058364
2.501587
3.175092
2.309158
0.288645
2.405372
5.388034
3.944811
2.886447
-1.731868
-2.886447
-3.944811
-4.618315
-1.731868
0.192430
0.481074
-0.962149
-1.828083
-0.384860
-0.384860
-1.347009
-2.597802
-1.058364
-2.982662
-1.539438
-0.577289
-2.212943
-1.154579
1.250794
1.058364
0.000000
-0.577289
-0.192430
-0.865934
-2.694017
-1.250794
0.865934
0.865934
-0.673504
0.384860
2.309158
1.347009
-0.673504
0.096215
1.347009
-0.384860
0.577289
1.539438
2.597802
2.982662
0.096215
-1.443223
-2.982662
-0.769719
-2.694017
-1.924298
0.384860
3.367521
4.618315
3.078877
2.405372
1.731868
2.309158
0.673504
1.154579
1.731868
-0.192430
-0.192430
-0.865934
0.288645
2.694017
4.233455
4.425885
1.154579
-0.384860
-3.848596
-4.906960
-6.638828
-6.350183
-8.274481
-9.236630
-5.291819
-3.752381
-4.522100
-0.962149
3.271306
2.790232
0.288645
-1.250794
-4.522100
-2.694017
-0.192430
2.212943
3.463736
3.463736
2.982662
0.962149
0.481074
-2.886447
-3.559951
-3.656166
-4.714530
-3.752381
-3.271306
-2.405372
-1.154579
0.577289
-0.577289
0.577289
1.828083
0.673504
0.865934
1.443223
0.673504
-0.096215
0.769719
1.539438
-0.192430
0.000000
-1.828083
-0.192430
-0.769719
-1.058364
-1.924298
-1.347009
-1.731868
-0.865934
-1.539438
0.096215
2.886447
4.522100
3.656166
4.233455
6.253968
6.061538
5.291819
5.676679
6.253968
5.291819
6.061538
8.274481
9.236630
7.312332
5.484249
5.003175
5.003175
3.656166
2.212943
1.828083
0.577289
-0.865934
0.192430
-0.577289
-1.443223
-3.175092
-3.848596
-3.752381
-1.731868
-1.443223
-0.673504
-1.250794
-0.096215
-0.577289
-0.962149
-0.481074
-2.020513
-2.790232
-1.635653
1.924298
3.271306
2.790232
1.539438
2.790232
5.291819
7.312332
7.504762
6.927473
8.082051
7.889621
5.676679
0.577289
-2.501587
-2.982662
-2.886447
-1.250794
1.058364
-0.192430
-1.058364
-3.175092
-0.865934
0.962149
5.003175
5.676679
5.869109
3.463736
2.116728
0.096215
-3.752381
-2.597802
-0.481074
0.481074
2.116728
0.192430
-1.635653
-2.790232
-3.271306
-4.233455
-2.212943
-1.731868
-0.865934
-0.481074
0.000000
0.865934
-0.577289
-2.405372
-2.020513
-0.577289
0.000000
-2.694017
-4.906960
-6.157753
-7.312332
-5.003175
-2.597802
0.673504
3.944811
4.618315
4.233455
6.542613
1.924298
4.425885
4.522100
4.233455
2.597802
3.944811
2.501587
-0.673504
-1.635653
-0.769719
-0.962149
-2.116728
-2.694017
-1.443223
-3.463736
-4.137241
-1.828083
-2.212943
-0.384860
-0.673504
1.731868
0.384860
1.635653
3.367521
1.924298
-0.096215
0.769719
0.481074
2.694017
2.212943
1.250794
0.673504
3.559951
0.000000
-2.790232
-3.175092
-1.828083
-4.233455
-3.848596
-3.175092
-2.501587
-4.714530
-4.522100
-3.752381
-3.175092
-4.233455
-4.137241
-7.119902
-4.329670
-0.865934
-0.192430
-0.481074
0.000000
-1.635653
-2.212943
-5.195604
-4.233455
-4.041026
-3.848596
-3.559951
-3.559951
-5.099389
-5.772894
-3.271306
-2.020513
0.288645
1.250794
2.020513
-7.697192
1.058364
2.694017
3.944811
1.154579
0.096215
-1.250794
-2.501587
-1.539438
-0.384860
0.962149
-1.635653
-3.271306
-5.291819
-6.927473
-6.831258
-8.370696
-11.642002
-9.813919
-6.542613
-6.638828
-6.542613
-3.559951
-3.175092
-4.233455
-5.580464
-3.656166
0.096215
2.597802
0.577289
-1.924298
-1.731868
-1.154579
-4.618315
-5.195604
-1.924298
3.752381
3.463736
1.443223
1.539438
1.347009
0.673504
-2.790232
-7.312332
-6.350183
-0.769719
2.405372
-1.924298
-4.329670
-5.580464
-3.848596
-2.886447
-4.810745
-7.697192
-3.848596
-0.962149
-1.731868
-1.539438
1.347009
4.522100
6.157753
3.367521
3.559951
4.329670
6.253968
6.831258
