nInput	nHidden	nOutput
7	10	2
Weights Input Hidden
0,34990671850741	-0,738583382953097	0,80695614285319	0,31605069600673	1,18304203728174	0,465001746925108	-0,710353398470691	-1,79466546836161	-0,291163157908897	0,304208190160789	
-0,0712864783884877	-0,445989074141717	0,0515543276049654	-0,147216003919062	0,411455272293458	-0,00701930919018138	-0,635265851998001	-0,899285793552397	-0,206221942167292	-0,113408777466039	
-0,497438491409476	1,20647500583746	0,47149095760027	0,244465649187823	0,684801013284995	-0,149227954326823	1,03939875662192	-1,06881431778415	0,584547151667903	-0,1734467201519	
-0,382423150836344	0,683942791119482	0,753681692161633	0,166126213532856	0,843235935457523	0,0195012022563637	0,446993948880047	-1,61207790554476	0,551517021976298	-0,409759868344271	
0,0492340748615267	-0,186981295317605	0,27469432065873	0,0599709310256432	0,457501408723265	0,0410279090115403	0,0163879724668932	-0,51128917669262	-0,0804096932457752	0,0952715638494138	
-0,486784411721252	1,06447132279324	-0,129279778681436	-0,168107713505046	-0,182443327848314	0,156604101789175	1,3400276029202	0,360759526480352	0,216670897991986	-0,485434730474095	
-2,42072335600917	2,46703326534872	-2,30507998789255	-0,696284187509275	-3,80972552056314	0,377773820859325	2,16552718366549	5,91803598157471	1,17268087108187	-2,08900901818186	
Weights Hidden Output
1,15768915922597	5,05051400565622	
-4,64337992897582	0,140696996248204	
1,31551322720084	-2,22623711628312	
0,993011999569163	-0,32989865000489	
2,39276036258311	-3,72512438347752	
0,526878910010572	1,05752862926092	
-4,13638696970096	0,74146112025743	
-1,08685687473728	7,35230423950602	
-1,6014473898014	-1,61381242435951	
0,512313462986982	4,9715547983388	
LearningRate	Momentum
0,01	0,7