121,880245418079	24,8076937694678	1,83566564381008	0,322097520794099	24,7904072781358	13,057014737126	12,6964141164521	1	1	
31,6650975563416	8,02803097538494	0,690300725049841	0,322883448628124	7,62009889343971	6,51337853313523	6,80287144371582	1	0	
12,2012129344583	1,85676433713456	0,642738615635616	0,972352432281419	1,83722169763295	1,61032749268863	4,04802881069776	0	0	
154,673475934176	21,1657912437644	1,60838050358116	0,248086421389649	21,8182383225758	4,67313983178945	13,49442874359	1	1	
44,4119876396862	29,8023314129457	1,69017611434102	0,379687540807925	30,6632718940527	5,05636548165802	9,05635355202922	1	0	
125,061661067438	17,6400503785899	1,28528768146869	0,261049089821419	16,7848003219998	5,97168223894919	12,1901820556721	1	1	
30,1173627754564	9,63559614897352	0,979528569372032	0,418389595166424	9,29940331966932	6,52288725808485	6,77720468543791	1	0	
20,191911963149	4,15124745579684	2,36599087732375	1,33489830045618	4,91796650226709	4,11249581561327	5,53589410580494	0	0	
13,1081099487408	3,02876160014241	0,665546949515309	0,844159165276016	2,69275352793601	2,37562057226342	4,36803871963065	0	0	
62,5577001305834	10,805136868947	1,3233646499511	0,49804286708438	10,8565525323663	4,48534238524623	8,94714477234442	1	0	
9,31177767925189	1,61910738297267	0,637402217052518	0,211022866910483	1,79249701355766	1,78667408798735	3,48167531834192	0	1	
11,6247961134674	4,05239789763021	0,42856357532033	0,114336337720356	3,99598329135288	1,7060048284463	4,18240551842188	0	0	
31,1029565689487	17,0766242409018	0,989454176228141	0,339653976555418	17,2490119390904	4,84226779263124	7,28768491747646	1	0	
26,2138588335028	9,8166243890371	0,947763840097763	0,406569205565548	9,73839249197872	5,00520176324486	6,48920913916187	1	0	
34,1158538550635	13,7341639311295	0,950049869504129	0,414768165518478	8,19243774821217	9,98979747404587	7,37058139325676	1	0	
9,62933550873251	5,27748709072212	0,501443192453402	0,428203425612696	5,1745982916366	3,29891086832268	4,33325408560834	0	1	
35,2800861793173	3,5987036741615	0,404754297985505	0,102020588901136	3,71778341835725	1,3476575993871	6,32788820780109	1	0	
162,242597945102	19,7322563593333	2,10905055248552	0,287980631241542	20,4803046993715	4,73663218934587	13,7726166760846	1	1	
28,6576862084089	6,11702379900324	0,84227623150156	0,452916771598222	5,93227518356422	3,81706623963854	6,29255262534053	1	0	
12,3888106341585	4,8795608043909	1,1370935307183	0,85195074630046	4,71005872384281	4,01564186749379	4,8410681800524	0	0	
14,1098808250263	6,25083993051919	3,80981227839196	2,63030876970475	5,6045455173501	6,04681439568199	5,68793670176159	0	0	
176,093492036041	26,1923639607574	1,43947131405975	0,341926858500443	26,1103868251583	13,6891252689938	14,6874799740607	1	1	
20,8863542650304	10,1686528455762	3,77842942655787	0,615080055516244	11,0590573068275	9,17223408681259	6,26159845240077	0	0	
14,3559027634448	7,00354742762985	5,23229189133207	2,18386951536964	8,05143756841755	6,84115210411133	5,95941169005318	0	0	
18,7826250539979	3,95961822643338	1,22821211367561	0,764531690946618	3,74392998886388	3,56385479789734	5,22289218655174	0	0	
8,50648664678889	3,50014070889689	0,707505043337903	0,325864736424413	3,50307390720769	2,45479799273893	3,90164672989434	0	1	
32,3823096566731	16,2748008053662	0,984164734407424	0,281740970799639	16,046041218024	5,91245003220031	7,47803138520541	1	0	
17,4908157631365	7,13991900276851	0,848896511844933	0,557193831930351	6,76392365470998	4,38098528022213	5,43112299147324	0	0	
7,73669734418443	3,1247259096122	0,948450461200606	0,493651639996265	3,13938724997918	2,25977126116156	3,8585997819442	0	1	
8,86815182123359	4,18080079581057	0,625137054533752	0,367434170373328	4,03688657226547	2,58039805488125	4,05246679310243	0	1	
150,252363192062	20,0904009809438	2,13779942314099	0,238760901075992	20,8153365478681	5,24989637923474	13,3092895638181	1	1	
7,0284017935776	2,03693864078756	0,712648088779532	0,32616830562743	2,00781034146175	1,50659267041871	3,4887916447911	0	1	
45,3500472666855	13,357691116606	0,983509614271695	0,183909423109594	13,2855848333649	10,2104242591394	8,30143415556987	1	0	
114,773667092246	19,552117744159	1,40788974707909	0,186136269850519	19,6572716132978	5,00293556318988	11,8288688942538	1	1	
157,386474127475	21,1998260704743	1,22667453820084	0,246848678847343	20,4007896895222	5,88439501296411	13,5724318791732	1	1	
143,615324839463	18,8552174117774	1,7578046370631	0,25760319351397	19,7464601940984	5,79719028705004	13,054744160866	1	1	
9,15016622394148	5,31087501828992	0,753337213628265	0,345853222699677	4,96293006333367	5,1099771966977	4,38237344038508	0	1	
138,461407388159	20,3883069461599	1,38955796068685	0,315753709756071	20,4726515043714	10,0310902641975	13,023781769134	1	1	
9,40505541302356	4,15175214665812	0,550946042796693	0,341440856070269	3,87869396559148	3,4963815364318	4,1289052784457	0	1	
8,59143202133942	4,53905471696988	0,63990642932897	0,412826126431196	4,5389410389915	2,40131626327208	4,15413725977435	0	1	
37,6591985613699	7,75200883347113	0,535537633137049	0,19285527620293	7,64773025916662	4,5548583119021	7,11479790277101	1	0	
21,8646780903783	6,6580528514651	2,10225414279117	0,586804340999595	7,23358200885728	4,83181111455086	6,06755997250619	0	0	
153,552214027462	20,1488970092381	1,41513659395278	0,311415635056374	19,9171796881831	4,93111057593574	13,3970206663964	1	1	
33,6851279226499	11,3825715593828	1,28747660576437	0,896001271364501	9,15014944059559	5,87748609463787	7,25458492044614	1	0	
24,4716742325001	7,05889913297954	8,33900153927702	0,802273582253903	12,3203570099023	7,95881100024151	6,93391812058518	0	0	
25,9215702346126	9,25644327576919	0,790322526467353	0,344240571321353	9,37498688224201	4,14501690686158	6,34602257100063	1	0	
175,105899935283	20,9087502474256	1,44912841526964	0,27100888609237	21,4710564415017	4,92375728446217	14,2291630059863	1	1	
7,59489266537506	1,8042017925264	1,08832445541319	0,565012347357699	2,20815714321026	1,51060254460079	3,55452210548581	0	1	
193,729047399403	18,865920905065	1,54747086746706	0,341148832407201	19,5873146892217	4,99309100379532	14,7918972266822	1	1	
9,64023690711427	2,75087400065027	0,82246049500771	0,846325251918209	2,54591214096761	2,3403393881009	4,002996260632	0	1	
52,491001606171	12,2209817365488	2,11237484347097	1,91113390868513	10,815084947833	8,15893351381523	8,75402448602641	1	0	
9,40557032889128	4,52902879892023	1,0033948068338	0,420510055979379	4,47095134706802	2,78485200636217	4,39769454346757	0	1	
14,2573080978218	4,22841901034738	2,63756809694729	0,544320052057875	5,60931878914345	4,48102213497258	5,06960997266062	0	0	
30,3546619055928	14,9656858290978	1,01194879215602	0,334770848101234	14,8536914854031	5,77523360949233	7,35236596202428	1	0	
9,16919184993809	5,36787810420819	1,14218160781513	0,356216620856039	5,60605683256379	4,30193885347806	4,360258101006	0	1	
17,1191803412777	9,78608218128815	0,812602846748542	0,381976916722819	6,68667291310681	5,48901067892261	5,48667312879526	0	0	
49,2294156363096	7,19713695790532	0,768753932704858	0,479735918335384	7,31367707880689	2,91862302522442	7,79132652795656	1	0	
9,43134232440308	4,50809668138545	1,28442264706221	0,500357251446732	4,26423032228693	3,8375997087325	4,45587302317556	0	1	
10,0102072930159	4,76504183884323	0,693523095337308	0,497262645281298	4,40576595594256	2,96801015805838	4,42178950886112	0	1	
23,5930761100981	8,43236691714425	1,3295746644748	0,328183367711586	8,78727511788316	3,28353514222769	6,10088625555843	1	0	
105,160328207674	19,4586327108143	1,95256162190142	0,38876293317476	20,5000029567818	5,13419827105628	11,5375106488791	1	1	
199,77034382053	20,154521660832	1,99025302620325	0,284913035873287	21,1497837041092	5,56352649736625	15,098731235642	1	1	
31,1516031083881	12,7649719379302	1,40802674149227	0,395925847685259	13,1343232878883	3,75791397653635	7,12074978193258	1	0	
194,717652733254	22,0176266128959	1,75592215816092	0,283696064180319	22,263749591663	6,22649166171352	14,9856919917535	1	1	
133,370976088304	16,9080678100025	1,94393266656098	0,254869858045676	17,9876045620069	5,94439003480223	12,5858539547502	1	1	
31,444191146858	9,41478957030822	1,74040509448989	0,405370963140927	9,58536682014978	3,44025289631244	6,81431909112759	1	0	
8,60853138010308	3,34033248623797	0,814719652977918	0,412457563619492	3,32480558917732	1,34544414317399	3,95652433896439	0	1	
7,6549341874897	4,58520096531099	0,921208042866749	0,42408217933764	4,42376110990741	2,97834900169475	4,03570461732601	0	1	
123,625347167338	13,2910999656639	1,27597742854749	0,304603706048545	13,7663750770675	4,93663749272453	11,9859455810615	1	1	
13,8598615453558	3,16490014182112	1,09276210865845	0,714038644392594	3,07196872107502	2,61819235983452	4,68385436836699	0	0	
8,68536016231286	3,48598387650006	0,890042805705779	0,306079275864821	3,48962975371723	2,60042685178038	3,99219628577863	0	1	
134,448546822439	15,9150060020956	1,18697842929784	0,252094065752571	14,3314572123695	7,64671607642725	12,5021356968072	1	1	
146,083731110275	16,055820828301	1,47635500981007	0,325916935905019	16,2160603585086	4,32044198709919	12,9903199498822	1	1	
170,730094989911	20,3993589818208	1,76471166788782	0,253804198103829	20,7295081860022	12,148858605082	14,2404228576975	1	1	
9,38308588671801	7,54725647103336	1,18489593319395	0,42792655401067	4,47118597614256	5,60494712590783	4,61108316522406	0	1	
7,87119235208714	2,94106289116018	0,36835039392559	0,190983130822183	2,74574364902351	2,98724354776424	3,70709372137127	0	1	
13,7840911452205	6,88980906561217	2,3492214384498	1,38233985773455	6,60479612792553	4,80985459104264	5,51469060642382	0	0	
