-8.045280
-13.590898
-17.554930
-21.942746
-24.748977
-27.978992
-31.632791
-35.173038
-16.916008
-4.499540
2.076365
10.217244
12.517560
16.382850
21.813114
26.824045
15.918795
9.278273
6.902478
3.383953
4.130156
3.733629
2.194371
0.961307
1.597759
1.733275
1.367857
1.136663
0.404534
-0.193369
-0.657048
-1.156692
-2.263637
-3.207856
-3.989349
-4.814445
-5.476815
-6.182787
-6.932361
-7.670252
-2.720991
0.704402
2.605927
4.915772
5.701749
6.896045
8.498660
9.991866
3.136071
-1.482615
-3.864194
-6.845204
-7.589106
-8.932439
-10.875203
-12.657350
-5.957002
-1.529532
0.625061
3.388669
3.879399
4.979146
6.687908
8.233485
5.388924
3.720697
3.228803
2.421712
2.790955
2.845000
2.583848
2.407152
2.528197
2.569462
2.530948
2.513810
2.416894
2.341354
2.287191
2.227301
-2.239521
-5.525508
-7.630663
-10.052221
-11.292945
-12.850073
-14.723604
-16.512355
-8.219719
-2.628382
0.261655
3.875502
4.788051
6.424410
8.784581
10.950807
7.608782
5.742688
5.352525
4.566888
5.257183
5.552003
5.451348
5.456660
3.655727
2.338775
1.505806
0.543154
0.064484
-0.543868
-1.281903
-1.985190
-3.763161
-5.253172
-6.455222
-7.734430
-8.725678
-9.794084
-10.939650
-12.064540
-6.368718
-2.500500
-0.459887
2.070431
2.773145
3.965564
5.647688
7.198596
6.608530
6.592136
7.149414
7.552978
8.530213
9.353734
10.023539
10.734533
7.435149
5.210343
4.060114
2.621952
2.258368
1.606852
0.667404
-0.194893
-5.730257
-10.013476
-13.044551
-16.411137
-18.525578
-20.975531
-23.760995
-26.456558
-12.093395
-2.301104
2.920315
9.366495
11.241803
14.341873
18.666704
22.663362
11.507915
4.412462
1.377003
-2.746328
-2.809665
-3.960874
-6.199955
-8.147541
-3.527397
-0.667071
0.433437
2.005486
1.817718
2.101491
2.856807
3.485773
1.936772
0.971356
0.589525
0.051322
0.096704
-0.014285
-0.281646
-0.507106
-0.035782
0.248839
0.346757
0.494702
0.455944
0.467213
0.528509
0.576400
-0.066087
-0.523587
-0.796102
-1.118183
-1.255278
-1.441940
-1.678169
-1.901117
-0.847597
-0.136106
0.233356
0.694465
0.813546
1.024273
1.326646
1.604463
0.735049
0.173034
-0.081581
-0.418563
-0.448146
-0.560097
-0.754414
-0.926662
-0.515927
-0.261402
-0.163087
-0.022915
-0.038953
-0.013134
0.054540
0.110999
1.046420
1.746324
2.210711
2.738205
3.030181
3.385264
3.803454
4.204734
3.677627
3.399281
3.369695
3.273454
3.425973
3.511838
3.531047
3.568117
-2.591148
-7.090110
-9.928769
-13.212305
-14.835538
-16.903648
-19.416634
-21.810417
-10.828219
-3.430104
0.383928
5.158311
6.348612
8.499265
11.610270
14.463950
9.034952
5.825291
4.834967
3.249974
3.884317
3.923990
3.368994
2.973339
0.605195
-1.234422
-2.545512
-3.998221
-4.922403
-5.988203
-7.195621
-8.365093
-2.774499
1.004742
2.972627
5.425864
6.067747
7.194980
8.807564
10.290099
3.191314
-1.608113
-4.108183
-7.224364
-8.041187
-9.474121
-11.523166
-13.407124
-3.113207
3.917658
7.685472
12.327617
13.706711
15.960136
19.087894
21.981375
10.944633
3.640482
0.068924
-4.502779
-5.341890
-7.181146
-10.020547
-12.591960
-9.541336
-7.997132
-7.959348
-7.517920
-8.582913
-9.244261
-9.501966
-9.867826
-6.426228
-4.004835
-2.603648
-0.929098
-0.274753
0.652956
1.854027
2.981851
6.254089
8.951733
11.074784
13.351796
15.054214
16.910594
18.920936
20.890024
11.105977
4.471174
0.985613
-3.343785
-4.523940
-6.547932
-9.415761
-12.057484
-9.741415
-8.753783
-9.094587
-9.079437
-10.392724
-11.350058
-11.951438
-12.648195
-6.154256
-1.587058
1.053398
4.210124
5.440107
7.186360
9.448882
11.573069
7.029510
4.272569
3.302244
1.853197
2.190768
2.049615
1.429740
0.938139
1.921405
2.509481
2.702368
3.001146
2.904734
2.914212
3.029582
3.116578
-2.085255
-5.869951
-8.237509
-10.984788
-12.314930
-14.024792
-16.114375
-18.102213
-9.484003
-3.707675
-0.773229
2.922697
3.776742
5.392266
7.769270
9.942237
7.630974
6.521257
6.613085
6.382960
7.354381
8.003848
8.331363
8.745144
3.437540
-0.337023
-2.578546
-5.230846
-6.350105
-7.880141
-9.820954
-11.651700
-4.389875
0.435602
2.824733
5.866681
6.472282
7.730700
9.641936
11.378249
5.106211
0.980003
-1.000372
-3.555722
-3.965240
-4.949731
-6.509197
-7.914599
-3.695138
-0.982855
0.222251
1.831203
1.932979
2.438601
3.348070
4.149329
2.752547
1.944728
1.725872
1.349204
1.561500
1.615983
1.512654
1.451611
-1.230589
-3.210452
-4.487978
-5.953695
-6.717075
-7.668646
-8.808407
-9.897743
-4.063145
-0.083810
2.040263
4.661452
5.427378
6.690421
8.450580
10.077537
3.751058
-0.444304
-2.508550
-5.143826
-5.647986
-6.723177
-8.369398
-9.862613
-5.238029
-2.252704
-0.906638
0.878666
1.024710
1.609993
2.634514
3.541342
3.706484
4.070360
4.632970
5.142329
5.850423
6.505265
7.106858
7.722718
3.531911
0.629046
-0.985876
-2.945901
-3.617983
-4.635168
-5.997457
-7.267276
-3.277645
-0.697279
0.473821
2.022533
2.161979
2.679037
3.573707
4.367196
2.722516
1.731141
1.393072
0.879950
1.020133
0.985264
0.775342
0.612325
-1.824387
-3.651864
-4.870106
-6.251592
-7.023844
-7.959339
-9.058078
-10.113077
-5.310175
-2.076893
-0.413230
1.671010
2.185632
3.120831
4.476609
5.719693
4.244589
3.497822
3.479390
3.265802
3.780550
4.100140
4.224574
4.401300
1.457607
-0.649973
-1.921438
-3.416940
-4.076328
-4.959752
-6.067212
-7.114642
-1.389082
2.521661
4.617587
7.199792
7.967179
9.220845
10.960790
12.570437
7.616260
4.420854
2.984219
1.076323
0.927199
0.306813
-0.784834
-1.750207
-4.885078
-7.438634
-9.410874
-11.538878
-13.085566
-14.788017
-16.646232
-18.462709
-7.336386
0.321924
4.512222
9.631770
11.283306
13.864092
17.374130
20.635176
8.290595
0.127529
-3.854021
-8.956006
-9.876475
-11.917378
-15.078714
-17.939831
-7.110678
0.050178
3.542737
8.018213
8.825393
10.615490
13.388504
15.898146
6.062996
-0.464377
-3.683973
-7.789885
-8.588020
-10.272471
-12.843239
-15.176518
-6.822670
-1.332428
1.294206
4.688141
5.218469
6.516098
8.581028
10.440361
5.159209
1.791344
0.336766
-1.630476
-1.684430
-2.251048
-3.330330
-4.272244
-2.493327
-1.443454
-1.122626
-0.606451
-0.819321
-0.836843
-0.659019
-0.533538
1.674730
3.324917
4.417022
5.658666
6.342228
7.175327
8.157964
9.100533
5.228291
2.646174
1.354182
-0.283499
-0.631055
-1.324298
-2.363230
-3.309535
-4.205796
-5.115467
-6.038546
-6.958033
-7.890929
-8.820231
-9.745941
-10.672614
-5.045411
-1.174315
0.940677
3.526215
4.355648
5.655628
7.426155
9.070599
5.208902
2.822572
1.911607
0.605319
0.774398
0.548153
-0.073415
-0.589057
0.516821
1.188214
1.425122
1.778451
1.697294
1.732557
1.884240
2.004729
-0.602563
-2.478948
-3.624427
-4.965751
-5.576169
-6.382433
-7.384543
-8.334175
-3.875807
-0.866508
0.693721
2.642227
3.141664
4.029377
5.305368
6.477320
3.115092
0.967794
0.035425
-1.222483
-1.265460
-1.633978
-2.328034
-2.934863
-2.177535
-1.785731
-1.759453
-1.635232
-1.876536
-2.019898
-2.065318
-2.136981
1.229769
3.675199
5.199308
6.970285
7.819942
8.916466
10.259856
11.537099
5.821990
1.980476
0.012557
-2.457390
-3.053743
-4.152123
-5.752532
-7.218423
-4.739104
-3.316902
-2.951815
-2.303474
-2.712250
-2.837772
-2.680040
-2.598206
-0.683818
0.739539
1.671865
2.735762
3.308627
4.013064
4.849072
5.649826
2.149404
-0.198522
-1.393951
-2.898191
-3.249934
-3.910487
-4.879851
-5.766469
-1.136251
2.015736
3.689490
5.759336
6.350949
7.338654
8.722449
10.000113
1.959039
-3.585086
-6.632263
-10.348496
-11.567780
-13.456120
-16.013515
-18.391637
-7.878006
-0.818710
2.786252
7.316799
8.393012
10.394811
13.322196
16.001572
7.257312
1.574006
-1.048346
-4.490878
-4.872457
-6.074216
-8.096154
-9.898327
-4.144980
-0.416129
1.288227
3.535045
3.757368
4.522153
5.829399
6.991294
2.971893
0.340816
-0.901937
-2.516691
-2.743120
-3.341550
-4.311980
-5.182733
-2.533969
-0.828257
-0.065597
0.949754
1.022052
1.347041
1.924720
2.434690
1.508527
0.967174
0.810633
0.550981
0.676141
0.698191
0.617131
0.563699
-0.376715
-1.079462
-1.544543
-2.073307
-2.364405
-2.719185
-3.137648
-3.539047
-0.798427
1.100291
2.157108
3.439512
3.880014
4.546104
5.437779
6.269010
1.609057
-1.579537
-3.296773
-5.408259
-6.048387
-7.082763
-8.511390
-9.834377
-1.791773
3.741328
6.764927
10.460944
11.647460
13.506394
16.037748
18.388927
9.279392
3.240746
0.272989
-3.517610
-4.237320
-5.779872
-8.145267
-10.290181
-7.762462
-6.486771
-6.463109
-6.103966
-6.996852
-7.554258
-7.776184
-8.088002
-4.476766
-1.916708
-0.407830
1.382710
2.122072
3.143096
4.445783
5.672998
4.943047
4.737516
5.056408
5.234780
5.937575
6.499851
6.921608
7.381018
4.656874
2.785760
1.767677
0.521025
0.127404
-0.494786
-1.345545
-2.135059
-4.360471
-6.201135
-7.657052
-9.216061
-10.390323
-11.667678
-13.048125
-14.400949
-7.709648
-3.173763
-0.793296
2.164714
2.967307
4.347442
6.305120
8.108045
6.573930
5.933972
6.188171
6.202782
7.111550
7.780729
8.210320
8.704108
3.856736
0.440523
-1.544529
-3.913060
-4.850432
-6.171281
-7.875609
-9.477183
-4.571946
-1.410205
0.008043
1.893458
2.035378
2.644466
3.720722
4.671801
1.497915
-0.570689
-1.534013
-2.793496
-2.947698
-3.398059
-4.144580
-4.811744
-1.468337
0.800441
1.994589
3.476683
3.884148
4.579559
5.562916
6.469118
2.300664
-0.508040
-1.956994
-3.770292
-4.223840
-5.041732
-6.223967
-7.308577
-1.732212
2.059350
4.066110
6.551105
7.251298
8.429728
10.086394
11.614917
6.645142
3.416581
1.929233
-0.024671
-0.237362
-0.916609
-2.062413
-3.083204
-6.914258
-9.992305
-12.317344
-14.844150
-16.617949
-18.593515
-20.770850
-22.894120
-15.484998
-10.630072
-8.329343
-5.344220
-4.913294
-3.797972
-1.998256
-0.381922
11.798507
21.148296
27.667443
34.945059
39.392033
44.597476
50.561386
56.322066
27.021516
7.115594
-3.395699
-16.424276
-20.058225
-26.209456
-34.877971
-42.871981
-24.687031
-13.516712
-9.361024
-3.325772
-4.305151
-3.404965
-0.625214
1.650908
0.457765
0.194209
0.860240
1.277188
2.623724
3.721177
4.569549
5.484662
2.604343
0.741007
-0.105347
-1.224200
-1.326070
-1.700440
-2.347309
-2.921163
-0.875094
0.468970
1.111026
1.941185
2.069338
2.385593
2.889949
3.343904
0.766708
-0.998293
-1.951100
-3.121534
-3.479773
-4.055639
-4.849132
-5.584313
-2.542267
-0.512325
0.505511
1.794541
2.071465
2.619582
3.438892
4.185536
2.895716
2.151564
1.953082
1.608388
1.809363
1.864126
1.772678
1.720407
2.513875
3.080728
3.420966
3.821925
3.996269
4.231335
4.527121
4.806638
-1.715966
-6.415948
-9.293306
-12.659035
-14.202141
-16.233618
-18.753465
-21.142453
-10.315598
-3.029918
0.714587
5.407948
6.560134
8.661175
11.711070
14.506721
9.132484
5.947362
4.951355
3.368776
3.975312
3.995277
3.428670
3.019234
1.865400
0.911026
0.156114
-0.652244
-1.261140
-1.923483
-2.639270
-3.340737
-2.665347
-2.358884
-2.421349
-2.384961
-2.717500
-2.951185
-3.086016
-3.247336
-1.999705
-1.129600
-0.637024
-0.043288
0.172919
0.490285
0.908810
1.300228
2.268167
3.081628
3.740610
4.440985
4.986882
5.574171
6.202853
6.820443
4.327955
2.668809
1.843007
0.793912
0.578159
0.139113
-0.523227
-1.125736
-4.019289
-6.298959
-7.964745
-9.795021
-11.011413
-12.392295
-13.937666
-15.438962
-8.727615
-4.216840
-1.906635
0.993211
1.692486
2.981402
4.859959
6.580522
7.010630
7.786514
8.908174
9.937184
11.311971
12.594107
13.783593
14.997904
6.578343
0.740170
-2.516614
-6.465079
-7.832156
-9.890914
-12.641353
-15.206457
-7.149912
-1.939429
0.424992
3.552012
3.832971
4.876529
6.682688
8.284509
3.129712
-0.214655
-1.748591
-3.767631
-3.976241
-4.669953
-5.848770
-6.897603
-2.748516
0.007792
1.371322
3.108045
3.451990
4.169130
5.259462
6.249798
1.880920
-1.051961
-2.548845
-4.430503
-4.876164
-5.706600
-6.921809
-8.033919
-1.961573
2.185704
4.407912
7.145941
7.958900
9.287680
11.132281
12.838668
5.906547
1.289108
-1.013651
-3.936626
-4.544920
-5.773431
-7.622159
-9.304701
-5.101662
-2.475659
-1.426694
0.044838
-0.060667
0.256394
0.996020
1.622421
0.438810
-0.259810
-0.473439
-0.817021
-0.675611
-0.664155
-0.782652
-0.866328
-0.078711
0.475443
0.796135
1.179383
1.329169
1.541512
1.816410
2.074546
0.682321
-0.267692
-0.775491
-1.401781
-1.585858
-1.888425
-2.309483
-2.698792
-0.780788
0.518973
1.200492
2.047668
2.276602
2.671193
3.231442
3.747303
1.690310
0.322711
-0.355494
-1.218421
-1.391954
-1.750210
-2.293188
-2.786670
-1.469240
-0.637043
-0.290078
0.186905
0.178655
0.300423
0.552209
0.769156
0.231829
-0.103391
-0.236504
-0.423772
-0.408932
-0.448246
-0.541715
-0.620673
0.094419
0.596745
0.886307
1.232879
1.366686
1.557503
1.805330
2.037882
1.405960
1.005673
0.837021
0.606303
0.607220
0.546070
0.422854
0.316268
-0.807922
-1.659446
-2.238304
-2.890222
-3.269474
-3.721787
-4.247160
-4.752957
-1.847146
0.144527
1.222063
2.544541
2.952882
3.606165
4.504391
5.336984
1.748693
-0.655026
-1.874172
-3.410724
-3.762703
-4.432087
-5.418877
-6.320618
-3.371479
-1.454180
-0.568722
0.593218
0.723317
1.129897
1.812957
2.421935
2.183283
2.171753
2.387345
2.542079
2.923935
3.244934
3.505076
3.781525
1.076088
-0.830354
-1.937803
-3.259342
-3.781887
-4.518522
-5.469247
-6.362606
-1.599051
1.648738
3.380761
5.518933
6.141339
7.169894
8.604596
9.930471
4.664717
1.165184
-0.568126
-2.774695
-3.215041
-4.128645
-5.515507
-6.775560
-4.018214
-2.337326
-1.732898
-0.840033
-1.023627
-0.918784
-0.525506
-0.209513
-0.473403
-0.581914
-0.535046
-0.529812
-0.369198
-0.250219
-0.172873
-0.084371
0.927032
1.691144
2.207966
2.791049
3.126841
3.528895
3.997210
4.447770
2.665299
1.481167
0.895374
0.149257
0.001478
-0.306625
-0.775052
-1.200521
-2.804299
-4.092349
-5.064673
-6.121596
-6.862791
-7.688586
-8.598979
-9.486704
-6.104958
-3.867214
-2.773470
-1.373193
-1.116917
-0.554106
0.315239
1.102448
4.214397
6.703435
8.569560
10.602593
12.012715
13.589745
15.333684
17.032901
6.898289
-0.065459
-3.858341
-8.500855
-9.972503
-12.293782
-15.464692
-18.407944
-6.770353
0.960312
4.784053
9.654651
10.618324
12.628855
15.686243
18.463126
9.504148
3.689785
1.020037
-2.492309
-2.860040
-4.070368
-6.123293
-7.950445
-7.536744
-7.723479
-8.510647
-9.136930
-10.363647
-11.429479
-12.334424
-13.282479
-7.583724
-3.665977
-1.529237
1.084722
1.917675
3.227847
5.015238
6.674758
6.448287
6.727165
7.511393
8.160214
9.314384
10.333146
11.216500
12.136137
5.076611
0.155095
-2.628410
-5.984794
-7.203168
-8.994419
-11.358549
-13.569177
-5.530371
-0.237893
2.308258
5.590286
6.125986
7.397562
9.405014
11.215289
5.292977
1.442606
-0.335825
-2.669431
-2.931097
-3.747937
-5.119952
-6.343208
-4.359104
-3.234409
-2.969123
-2.473560
-2.837407
-2.970975
-2.874265
-2.839258
-2.365082
-2.008581
-1.769755
-1.499398
-1.346716
-1.162503
-0.946759
-0.739464
1.514827
3.220627
4.377936
5.682212
6.437998
7.340752
8.390473
9.400815
3.324790
-0.852448
-3.130900
-5.918131
-6.806576
-8.203798
-10.109799
-11.879473
-3.445553
2.254323
5.220153
8.918569
9.882940
11.579895
14.009436
16.242682
8.209205
2.926688
0.395131
-2.873544
-3.391258
-4.646090
-6.638040
-8.432479
-6.704174
-5.919784
-6.079312
-5.985918
-6.836441
-7.434042
-7.778721
-8.191171
-4.604148
-2.088781
-0.645069
1.085792
1.744998
2.691352
3.924857
5.081419
4.521718
4.421888
4.781930
5.018750
5.715441
6.288910
6.739156
7.222420
3.748398
1.334727
-0.018592
-1.656031
-2.233119
-3.094327
-4.239656
-5.308854
-3.469973
-2.410310
-2.129864
-1.640627
-1.930608
-2.011798
-1.884198
-1.812543
-0.565095
0.367301
0.984643
1.686404
2.073112
2.544238
3.099782
3.632707
0.469540
-1.703262
-2.885699
-4.333504
-4.790944
-5.513751
-6.501926
-7.418996
-4.884768
-3.275312
-2.590629
-1.658154
-1.650451
-1.394956
-0.891669
-0.454778
3.249520
6.078319
8.031619
10.219508
11.531899
13.078878
14.860447
16.579158
7.486418
1.290597
-2.008304
-6.083432
-7.261641
-9.216077
-11.946740
-14.469413
-7.611728
-3.267503
-1.436736
1.067509
1.058295
1.722560
3.060305
4.217592
0.706122
-1.554359
-2.563850
-3.908542
-4.002245
-4.431150
-5.195256
-5.869545
-0.098072
3.946264
6.263463
9.043447
10.096295
11.611927
13.590344
15.444759
8.024899
3.090074
0.640283
-2.475371
-3.105991
-4.402474
-6.364819
-8.148748
-6.757925
-6.217775
-6.528296
-6.610881
-7.544137
-8.249457
-8.726840
-9.265298
-4.924024
-1.890271
-0.164037
1.912545
2.681607
3.801018
5.270778
6.646662
4.908504
4.004750
3.935402
3.642476
4.183955
4.501856
4.596178
4.750409
2.579198
1.031088
0.106077
-0.985892
-1.454762
-2.090591
-2.893379
-3.651430
-2.236496
-1.403811
-1.153376
-0.746928
-0.922729
-0.942517
-0.806292
-0.711871
0.578100
1.547724
2.197001
2.932116
3.346883
3.847488
4.433929
4.997370
0.456683
-2.716357
-4.521750
-6.693602
-7.497808
-8.668474
-10.205599
-11.644532
-5.086469
-0.671195
1.601291
4.447935
5.151791
6.429805
8.281978
9.980305
4.486574
0.919949
-0.719569
-2.875454
-3.104233
-3.849379
-5.110891
-6.234043
-3.146417
-1.187065
-0.355989
0.777408
0.782531
1.089974
1.699737
2.228493
1.909381
1.817455
1.952715
2.027100
2.328671
2.569367
2.749190
2.945324
1.019715
-0.337374
-1.125944
-2.066849
-2.439234
-2.963954
-3.641007
-4.277243
-0.056362
2.863060
4.481020
6.447705
7.112930
8.126880
9.489556
10.758791
7.996409
6.314296
5.712452
4.821150
5.010116
4.909626
4.519678
4.207291
-6.662556
-14.703541
-19.915663
-25.885776
-29.027026
-32.926268
-37.583501
-42.037632
-23.040738
-10.327526
-3.897998
4.215238
6.044790
9.558051
14.755019
19.500840
19.064035
20.015910
22.356466
24.324925
27.682065
30.667110
33.280058
35.992709
17.267380
4.286340
-2.950410
-11.726338
-14.757976
-19.328792
-25.438786
-31.136358
-16.546569
-7.392762
-3.674937
1.499456
1.237865
2.432842
5.084386
7.345644
4.677507
3.330197
3.303715
2.923317
3.863748
4.450264
4.682865
5.010297
-1.546050
-6.257895
-9.125236
-12.486810
-14.003881
-16.015185
-18.520722
-20.893830
-10.236105
-3.069982
0.604540
5.214634
6.333128
8.387192
11.376829
14.115780
7.685677
3.712414
2.195993
0.021262
0.303373
-0.072826
-1.107332
-1.965446
-3.577531
-4.987590
-6.195623
-7.457789
-8.517928
-9.632201
-10.800606
-11.954506
0.888073
9.980306
15.322194
21.668984
24.265429
27.866776
32.473025
36.810011
17.830473
5.098579
-1.385672
-9.543973
-11.454631
-15.039340
-20.298100
-25.108299
-15.284002
-9.381006
-7.399311
-4.366907
-5.255805
-5.093993
-3.881472
-2.950487
-1.408817
-0.030780
1.183624
2.441874
3.536492
4.674954
5.857262
7.027821
3.457041
1.156698
0.126794
-1.243523
-1.343401
-1.783693
-2.564398
-3.253889
-0.580215
1.192301
2.063660
3.176483
3.388149
3.841280
4.535874
5.165769
0.593395
-2.585036
-4.369523
-6.527515
-7.291565
-8.429120
-9.940181
-11.351162
-5.422918
-1.461214
0.533951
3.056048
3.611607
4.694098
6.303522
7.771754
5.747903
4.659754
4.507305
4.104135
4.636667
4.918478
4.949569
5.047841
5.074102
5.119658
5.184509
5.244190
5.323166
5.396972
5.465608
5.535630
-2.935127
-9.117390
-13.011158
-17.518126
-19.736599
-22.568273
-26.013147
-29.293714
-12.349096
-0.823799
5.282175
12.840252
14.979007
18.569864
23.612825
28.266696
12.792425
2.711473
-1.976159
-8.108927
-8.848375
-11.032959
-14.662679
-17.905176
-6.299990
1.326772
4.975109
9.689461
10.425389
12.227333
15.095292
17.677613
5.168247
-3.297314
-7.719070
-13.224360
-14.685844
-17.230863
-20.859416
-24.197637
-11.305969
-2.763086
1.431011
6.790361
7.800926
9.976744
13.317816
16.346659
9.061675
4.540273
2.782452
0.284132
0.549394
0.074156
-1.141582
-2.158903
-1.397519
-1.112738
-1.304559
-1.368675
-1.909394
-2.322407
-2.607715
-2.927242
-0.628684
0.968360
1.863891
2.947391
3.329378
3.899335
4.657262
5.364823
1.286706
-1.509093
-3.022573
-4.879649
-5.454406
-6.372760
-7.634711
-8.804594
-1.565116
3.421081
6.153996
9.490676
10.574074
12.261237
14.552165
16.681315
8.264726
2.673859
-0.091285
-3.613580
-4.310152
-5.763874
-7.974746
-9.982741
-7.257579
-5.800663
-5.611992
-5.083495
-5.823245
-6.223168
-6.283267
-6.434421
-4.225823
-2.649518
-1.705508
-0.592074
-0.110935
0.539627
1.359612
2.134200
3.164648
4.126538
5.019871
5.931574
6.774719
7.636235
8.516120
9.391083
2.820473
-1.755101
-4.335640
-7.450748
-8.570820
-10.225460
-12.414668
-14.460640
-4.210618
2.744702
6.405321
10.948753
12.197483
14.329026
17.343381
20.121187
8.366050
0.505003
-3.461953
-8.472328
-9.588612
-11.748315
-14.951436
-17.874974
-6.208620
1.548384
5.396039
10.291200
11.277012
13.310331
16.391157
19.191304
11.732106
7.021891
5.060660
2.362840
2.414004
1.728581
0.306569
-0.918075
